0
0
0
0
0
0
0
0
0
0
21 54 80 276 227 125 232 277 241 146 258 163 23 101 131 98 155 104 47 143 49 132
16 164 75 133 107 226 185 207 114 70 16 250 152 71 262 240 151
0
0
0
0
0
0
0
0
19 167 108 296 249 159 95 15 213 224 284 282 68 271 265 223 154 293 274 183
0
18 116 210 218 225 63 281 82 157 160 89 10 181 12 106 120 233 178 257
0
0
15 87 103 161 136 267 204 254 236 190 235 219 228 206 279 153
0
6 124 31 55 182 17 46
0
0
0
0
14 4 299 56 38 26 3 109 22 81 20 51 192 100 186
2 53 222
0
0
0
0
0
10 286 193 166 253 117 291 145 30 69 52
0
0
24 180 85 162 127 150 273 57 79 96 174 202 121 111 73 48 5 205 292 141 215 256 208 149 130
15 110 72 7 62 105 60 129 91 268 170 255 264 43 37 9
0
22 168 0 259 260 261 200 245 188 244 243 197 237 147 283 287 266 196 297 126 278 211 165
0
0
0
4 122 118 199 66
0
0
0
0
0
0
0
0
0
0
0
0
0
0
0
0
0
0
19 275 88 246 148 137 74 198 21 102 239 50 11 140 119 238 289 1 84 247
0
0
0
0
13 99 8 13 19 29 14 27 90 93 139 142 251 123
0
24 216 212 294 203 290 187 285 156 230 128 214 295 209 177 269 25 201 112 242 176 272 94 169 2
0
0
0
0
0
0
0
0
0
18 184 220 58 144 18 113 39 28 217 158 191 61 6 42 83 78 59 135
0
0
0
7 172 64 86 45 115 280 270
0
0
0
0
0
16 34 41 134 92 171 44 32 40 195 76 138 248 252 231 194 77
4 24 35 67 229
0
0
7 263 298 288 97 189 173 175
