54 109 9156 1525 5071 7250 5020 9432 8734 3118 3013 6245 5789 4198 800 9841 4047 8731 4973 3860 5582 4575 8900 2844 5123 8449 3500 22 2688 5716 9520 1055 4012 5550 8284 793 2152 3190 9666 6633 7609 6643 3558 1448 6933 2814 9165 1258 636 4434 4895 2702 369 1213 7320
58 1188 8309 4579 9913 3898 6013 2595 5217 1363 666 6216 9904 6113 4549 2804 9338 5468 8459 1027 6304 7389 4238 3783 975 9297 2456 1842 4462 1442 785 213 492 3753 2329 7687 3273 5087 57 3418 7542 1394 7443 6459 7848 5961 6508 4113 6167 69 1809 1342 1915 2101 2925 6850 4446 9273 7714
65 335 19 5725 5043 6827 4690 6241 2946 5049 7837 3445 2986 1449 139 6815 8539 4465 8443 7750 3216 7809 1623 6268 2293 2316 4693 3159 8763 8705 7342 7688 618 6761 1275 2547 1980 308 1210 9840 9672 6674 7442 5244 322 8338 3799 9540 2383 8002 6780 6465 3308 9542 939 423 7577 3154 6052 8292 9052 9409 3665 1956 2320 6146
57 485 7726 6213 5157 6750 9300 7502 5177 6847 8289 6058 6026 7496 3185 4984 4435 5109 3438 6385 2575 4596 3652 8997 5329 5715 3151 9171 2895 9178 4641 3043 4526 7455 3571 1640 8544 2057 3433 3727 7816 6081 5314 9568 8946 1674 4908 155 9191 8950 8571 4551 5469 5195 9646 349 5146 1717
60 2976 6667 2113 7447 7119 2249 624 9865 24 4888 9679 1923 8275 3916 14 2927 4060 3793 456 2127 4733 1330 3423 866 5498 9213 9735 1299 4853 667 7741 4385 509 4924 550 8200 672 6735 3048 4916 8402 5619 639 5882 3708 1569 7210 2040 2239 1890 5541 4413 9708 4006 6605 7860 4271 8572 3489 4011
59 58 4096 7937 184 6260 4750 6620 7973 8312 9768 4411 7563 7285 9033 8684 3725 2552 3324 867 1912 2285 4504 3897 718 6731 6238 1813 6003 2025 7653 8418 2696 4661 4811 1115 6462 4976 5067 603 1405 3624 6632 9850 647 821 6828 3781 5280 5694 3475 5635 3253 7184 9669 3098 2093 4480 6618 2149
58 6150 1987 973 9965 696 6783 9761 9586 8773 3228 2010 2440 3777 4921 9917 1534 2038 2608 7520 5465 8639 540 2208 2054 1447 4417 4509 7565 2560 5923 2603 1192 4323 7484 6962 7963 1426 5833 9497 6170 9908 9818 8074 5200 3142 2499 5798 5403 4995 6562 7167 7869 2212 9334 1316 9652 160 6420
62 3626 3238 9852 146 9282 9849 6114 3743 6536 6277 5022 1600 4676 5825 3424 1860 3972 9997 9868 9681 2211 7462 6048 5006 4789 9428 5489 7188 8514 1331 4104 1328 1337 8448 5492 433 6848 3649 6585 555 4634 9005 7683 6091 4001 8368 2450 9610 6031 9564 4648 4768 5564 9963 5936 1132 8741 5269 8277 9448 2193 3526
60 1666 9412 5474 505 5689 6377 2427 6564 6362 9369 1760 576 4891 5706 3983 8432 4873 4880 5066 325 4134 6590 2671 2069 6436 1874 3654 7431 2838 3082 590 6322 7430 3187 5678 9824 3848 7027 3751 5287 8248 4081 2884 4756 7120 1784 9265 3257 337 77 4571 9842 1384 9509 9978 812 7206 2138 2472 320
61 51 9473 803 3406 5383 979 4407 4590 7606 4117 6521 6975 7991 1321 5549 6708 9577 2362 4477 6799 2030 5914 9993 1620 9543 828 9001 3827 8595 2109 9394 9242 2378 8922 3073 9490 7361 8216 439 6697 9726 6923 9811 71 6982 8846 4074 1446 9709 6717 2229 9289 8433 4857 2737 3798 5372 9501 567 9320 3779
64 4093 1893 3459 3625 9121 8168 4991 9200 8447 1072 6085 1372 6106 6613 5988 2500 7466 1362 3291 1848 6239 9377 8365 8724 5508 8005 8387 5466 7884 7613 5888 2796 5031 580 577 1508 992 5295 8159 8223 602 711 721 2279 8807 8326 4020 1201 4091 2514 3403 113 2801 1792 7105 5656 5598 1761 1076 8794 4466 7459 3137 8640
57 3196 5491 5015 2191 4479 8884 8041 2442 7761 2704 3507 5076 5770 9442 8052 1930 7720 1181 7708 7150 7556 779 6870 4831 2653 2507 3930 2274 8083 1467 4581 6550 2298 8167 1398 5631 6303 7944 3241 9982 4940 4351 4155 3208 5431 7142 9572 4664 8421 2020 4879 5910 619 1154 1216 217 3642
62 698 8485 4453 1941 8974 7901 5202 6228 3472 2100 9757 5181 6444 6366 4849 1698 4019 9406 9201 6299 2089 7992 3133 9434 5843 8615 5556 1703 9733 6431 3910 9609 6528 1798 7196 9269 6754 3802 467 4390 6788 3229 7371 4125 9220 7882 8127 12 5681 731 6483 4856 4039 3243 3240 9988 6597 3809 5444 9011 4653 4929
63 1630 8340 3045 6711 462 1895 7112 476 7345 7693 7286 2809 7737 7981 8097 5585 9821 8313 4712 6581 9231 2905 6838 8232 7703 8910 6189 5844 2597 6041 6283 4313 3754 3497 8024 5948 3537 4585 4023 644 4552 8357 3508 4614 194 1151 344 8761 9457 3728 4869 8616 6551 1892 4808 587 1460 6557 7034 4589 8711 6749 6920
63 6904 7525 4713 5921 6752 9569 1795 8675 3909 5069 2698 7566 451 2687 481 9936 91 2640 9521 1236 3675 8408 4177 6178 9452 9990 726 2103 6510 6942 3204 3868 193 8172 7702 7355 9977 1270 968 9030 2187 469 2451 8781 5319 7972 6076 3395 5502 8762 1100 410 6889 8743 176 4073 7359 568 9855 1423 9956 1263 7559
62 8302 4416 5671 9819 4179 2947 3030 5563 238 1962 791 6755 9615 3448 4474 9655 3575 5366 9487 6218 5454 3807 9813 738 8398 4415 5352 594 8692 6088 2977 1789 1537 3805 4269 9261 1634 5501 8542 7646 9081 3127 9352 6814 9613 8110 902 1999 1704 412 271 6243 8992 3400 2588 2542 7943 3197 6680 7547 328 7999
61 1512 9747 6151 4109 3393 8637 1445 9086 5901 1465 4592 870 7959 3651 949 5292 1837 6295 459 2732 7769 6220 8603 16 4837 6946 5199 628 7153 3782 4905 9070 4702 9205 8092 3483 9886 7604 4112 5738 3068 8379 3862 5414 2509 4743 5494 470 8766 4867 1137 8529 4205 819 1692 2361 5358 5332 1715 5962 9991
60 2402 6883 9489 2610 8288 5304 6653 5951 5416 7619 8276 5362 3707 6340 7417 9530 5586 8391 6843 4080 8361 4132 3621 7014 6497 5821 1622 747 2538 6354 1093 5130 2551 1590 6289 559 2083 9173 3294 6233 1301 135 1149 9106 3213 8161 4691 7111 4722 5898 8169 7852 6174 2459 9100 11 759 138 9994 5780
60 621 3546 2384 6543 1302 5827 30 4560 8359 199 435 851 5630 4821 3735 6822 352 2780 8123 447 4871 1087 1352 7766 463 13 5793 4989 4007 5723 7592 5320 5735 8481 8610 4903 6751 6696 7535 920 2005 216 3534 1908 7517 1728 2590 2800 5041 7717 8532 1179 2839 9787 8968 450 7571 3965 8687 9215
57 6463 2885 2037 6996 1095 2420 6977 372 7084 9262 3596 4320 4580 1967 8953 6419 7262 6890 3347 9780 8420 2708 2197 3469 280 5337 720 6486 4906 7125 7220 1291 7069 9623 2537 8435 1693 2851 5621 4610 5274 2214 4442 4106 7063 5999 5265 8106 3742 7010 1663 8632 7104 3435 8355 9251 7381
63 8965 7155 8804 9343 2119 9091 7758 2033 4573 663 730 1939 1629 1510 5389 786 8813 5131 2642 6844 8173 7969 1926 6724 2635 2106 6193 496 8893 3326 8989 9413 1368 9967 9732 8293 6125 475 9502 9371 445 9758 2150 6774 8575 7718 2392 8040 3680 9815 4877 5272 7914 1563 6527 3108 3091 3040 8649 4 1203 638 9519
68 3427 4119 556 4422 9082 9135 354 3029 6515 6560 2210 3361 7569 2997 652 6876 1897 3892 5521 2772 3739 4941 5127 7156 858 8434 2347 3401 268 1744 6047 9612 5236 2055 5676 2682 1283 6310 8840 3924 5147 5524 9809 4854 9376 3492 1568 5423 5306 5251 5057 6969 5657 2657 1502 8427 1875 211 1288 6302 7318 1329 9525 1298 4904 9203 3731 7038
58 2049 3496 9794 8473 4013 2879 1082 9720 1017 2719 8345 116 4135 5896 1170 5421 5982 1332 6823 6341 8976 1870 2395 7095 7058 757 4791 4956 357 2104 6082 6274 5538 198 43 7024 5956 9226 3841 8722 3478 1257 9096 5666 4972 7994 3521 3544 8563 9295 8165 4037 3018 3583 6540 8576 5064 5924
59 5165 8714 7871 4611 1656 188 8698 4531 2 6989 5170 7987 2120 1136 5296 3399 6305 1112 2471 5765 8844 6580 4143 6285 1979 2492 7916 6390 331 3 4627 1935 7697 879 5432 8861 8207 9339 6660 6900 6740 2225 1110 9077 5946 247 2172 9545 2555 5299 7260 5769 6110 6742 9698 7324 1982 5327 7551
58 7675 8811 9211 3960 5223 1422 7233 1960 8077 3246 4701 4115 214 9317 2046 710 9224 2196 683 230 284 5560 6797 6809 2728 3564 5425 2909 8155 5859 4613 4309 4204 2776 2340 7045 7748 7072 1975 70 6407 3828 9133 40 164 5284 1404 7114 2622 703 4524 7365 936 906 488 3088 9555 3184
60 1222 2758 3292 4454 4817 9447 7033 4617 7612 7574 5211 3340 2131 8526 5855 4772 2558 5124 9153 414 8049 5267 613 5105 413 3386 8681 985 4196 360 9554 8909 5609 2759 9962 6523 6569 8547 4820 178 4919 8600 1916 2350 6488 3995 3697 2278 5573 4542 9504 5515 7110 7831 921 2661 750 1453 3948 8290
60 7375 6911 3679 7296 4669 6524 919 2701 2223 3417 9546 6683 6356 7655 8604 3845 6978 8300 1030 6464 7506 7421 4264 314 3762 5532 671 3266 7832 5675 1805 664 8867 2871 5197 1444 3147 8591 4498 6544 2940 5336 4993 2412 999 6598 8599 151 5411 2189 121 6147 8963 5326 5835 7456 6656 6210 336 7550
58 9570 31 1940 1209 6666 9695 9643 8943 8530 2774 4124 3171 2612 1074 8202 2079 7730 7460 7071 7990 3467 46 9384 2254 4876 8924 1668 8451 1039 3514 3947 429 5773 5600 1828 7229 7964 3146 2866 7098 7090 1812 7754 7940 8940 7756 8726 4063 2584 9286 2255 5010 477 7390 7818 5136 2840 3369
67 5050 8208 5322 4312 4321 5878 6416 5449 5691 4414 6284 3022 9088 3553 367 9151 5335 5995 9631 873 6965 9500 2458 2837 1221 3825 1850 5434 4587 4623 5730 1945 9330 2288 2244 7585 8694 8754 5085 581 2956 2585 8158 9535 6083 7368 1158 3481 4043 9482 2275 8183 5233 2932 6687 5151 3620 3920 7919 5929 4307 6691 2750 9145 7539 8630 6794
64 1461 7223 4021 2076 7079 8166 9020 5824 4099 2586 2935 2791 3776 3371 4748 5029 7398 2686 8008 3813 167 788 7311 7198 4986 2410 5107 4803 484 7691 2651 506 7643 7776 6116 8369 9779 4886 1835 7039 1067 1484 926 3007 6067 1995 2199 7356 3854 9395 8535 9533 386 6306 35 292 7731 28 3301 6153 9335 809 1548 6552
57 2613 848 9958 8820 5638 2379 1902 2322 7727 3554 3566 4966 2902 4280 787 2253 2192 9638 7429 1334 4431 2237 3177 6798 8252 4679 4252 1829 2468 9357 4559 6108 5506 548 665 8767 5809 7473 1699 6652 4735 7270 5644 4089 7298 3426 596 1010 9288 6959 836 6086 5340 1126 3911 2899 9340
61 9854 4262 8400 3682 8557 4370 7183 4267 9529 1823 9222 5695 9589 1581 306 3349 5781 9687 4087 6144 7449 7339 3602 1988 7889 4380 7271 2700 3565 3144 2566 2679 8305 7489 7493 9807 4154 4626 4562 4042 1111 1464 2680 7970 4366 8832 6435 3051 4049 3823 3189 7780 1287 4373 6219 3486 8390 3402 2756 402 6919
58 4942 7427 332 8896 9370 4620 7154 8014 5044 3103 2739 965 9737 7632 6837 2730 6411 5848 5094 7774 4004 3247 6654 23 8269 5047 9918 2406 417 5561 1684 655 8229 3249 8189 5448 9628 5566 2576 362 6578 3453 3672 5256 7995 607 5865 6369 3327 543 7842 7276 1669 9014 4558 7140 1354 8809
64 8026 6383 9649 2913 4120 7667 366 3942 7472 3017 7215 2868 2177 2672 4128 427 6203 3038 436 3422 7022 701 6427 7299 2835 5035 3605 1997 8225 1395 4187 2637 2432 1803 3769 5276 65 5387 5731 3056 9018 2063 588 5307 4668 8527 4127 5166 6349 2877 5163 6232 4331 669 7272 8018 1241 6080 1578 3881 938 3449 8373 2797
62 6034 8944 1070 1685 4335 8188 208 2111 5456 5752 1689 5796 4108 1305 2000 6200 9688 7068 3236 3664 8395 3882 1834 7899 5907 8394 6279 7297 1038 5108 4656 8501 1068 7415 9078 9009 6948 9049 5375 4341 9590 9366 9416 9989 7707 7143 914 3279 2236 9019 229 2403 4553 2062 863 5042 3431 8342 5642 5845 3716 5577
61 8857 3821 5625 659 7091 5679 8285 437 2712 6886 9374 4774 4183 1919 6173 3662 904 7826 8578 364 5661 7177 5613 990 42 1730 868 7412 6745 9591 6018 7050 2102 1998 5479 5853 1651 9013 257 9760 3381 7806 4324 877 3275 9897 7846 8017 2183 9837 6743 8847 6568 8073 2445 3623 4484 1625 5580 4834 2980
56 6547 3317 4630 7631 2424 9870 1580 9996 2247 9331 295 3274 2960 7760 1885 9948 4032 309 7989 6176 7446 9437 3148 206 2493 434 85 9730 3454 2175 1716 4372 4662 8550 9196 7784 9245 8937 3863 4607 7433 5667 3927 490 6145 1134 6290 1866 9408 3931 6595 6630 6141 7435 6906 341
63 8613 4333 241 3760 7051 4008 2916 1766 9882 1996 7333 1267 6737 6862 5740 9899 6866 3415 8582 5570 4885 9318 6583 3853 9136 6195 8987 1882 9657 7819 5751 7232 522 8151 4660 2832 3806 2008 3339 5045 8672 493 6101 8331 5072 9180 5473 8444 1857 6770 1824 310 8180 1339 1277 2162 5036 2954 2348 266 6563 8623 9630
59 3591 62 9969 9594 1379 153 8121 1391 168 6532 8226 4290 2534 574 8238 1810 1450 8862 47 245 5869 9902 8650 6360 9355 7346 2306 9784 2426 5632 5984 7117 3797 8146 221 7001 6190 1407 4946 1958 9486 6987 2386 2242 8657 3519 1519 5171 6087 3533 1064 4985 7729 4233 5688 944 3281 174 4827
63 6342 1397 2843 3106 9499 9940 3032 5219 6230 7123 3695 8082 9531 7721 5552 7306 8091 7463 6703 1380 8244 6249 8728 7805 4584 5943 6056 283 9327 389 8176 3538 1176 9909 6874 1936 610 1462 5724 709 2846 2854 6000 9079 3441 5460 1386 7710 8497 9728 5648 5677 8112 1944 1601 7523 4412 8874 1266 9045 2568 4219 4129
56 4066 500 2570 9094 1233 9044 3188 2075 5760 5034 6104 9368 3390 5903 9443 2097 9663 8136 5263 892 5543 8220 3906 9476 706 7835 180 9240 6899 8646 2154 3713 5262 2488 6037 774 7305 6677 7663 2132 4967 3480 8483 1858 2757 4381 289 9158 5753 3192 2554 680 1101 5766 8430 3135
62 4053 2043 3360 708 6331 2881 4978 6908 8118 8197 1748 2312 1185 604 1686 2099 1083 3989 8109 4793 3362 1538 9528 3685 2389 9311 8708 2341 535 5618 4855 7129 8385 9268 928 4182 5856 9054 5367 5767 5357 3421 7370 3256 7700 7137 4566 8317 187 3299 4546 3491 4740 7195 203 2393 373 8046 8643 7996 758 2920
58 1296 3364 1638 3089 5377 3080 5607 8333 8716 2485 6856 4737 1977 9693 6859 1033 1670 9080 2200 8263 8029 3886 4055 1262 76 5655 8348 5710 2587 3867 8696 4920 2504 7204 6610 8631 6636 7921 6102 3008 3601 1106 6006 5861 1312 1528 8030 1081 2725 363 7161 7338 6949 8496 1878 8088 5405 6506
57 7029 1434 6682 3413 7591 4577 3334 2139 8015 356 2654 5639 3194 9627 454 4884 1051 9256 1235 5152 1691 9771 1624 233 60 7237 3970 9099 4534 6819 8405 218 7962 1282 4258 6525 8139 9170 6433 6397 7803 7470 1780 8967 2134 3757 5978 1427 2795 4824 6561 2036 6976 4767 9349 5964 8625
61 7985 6777 2775 1724 1838 288 6509 7458 4996 1497 8751 5572 3397 6651 8327 3855 6545 7009 1214 6709 4276 3267 4402 2596 5009 4468 6907 3640 2999 8889 7896 2369 8370 8617 9012 2748 7287 9454 5860 4604 8160 4911 2105 1867 8891 2898 89 4483 2098 1430 8104 342 9946 9107 6980 5553 5316 9016 5464 3925 3555
58 8392 231 599 2779 9110 3021 3774 7100 7006 5459 3370 1646 8328 7007 7440 5599 5546 5902 7388 6035 1807 6730 64 7558 236 2358 5759 3744 8479 3692 6205 8903 9622 1627 8215 2751 5626 9601 8715 4783 8464 9017 8531 9722 9896 9648 3134 4953 504 8849 1679 2160 7928 6686 7926 6117 8050 5697
57 9216 583 7065 8938 5668 6392 4616 4672 3290 7485 6374 4461 7488 7580 1343 8663 9290 9716 7978 6039 5153 1089 5832 6873 9294 7113 9392 9353 9218 9176 6670 4018 5944 6215 4015 7066 9313 2662 9637 6587 8521 5268 3379 6639 6160 390 3588 2720 9134 2115 8066 8094 1540 6224 4404 1950 4792
59 2634 5732 2377 7817 7911 4403 584 7641 8522 6073 9585 384 5324 6017 7956 5378 7605 1554 9347 4833 8787 7513 7017 1826 5837 1043 132 3988 8782 2381 1 3661 5356 1294 862 5699 8864 9505 6352 5175 5574 5231 5909 4433 9930 5529 7131 9302 7116 3670 8894 2133 3288 728 1888 3678 9325 3785 195
60 8383 3812 6132 9291 6623 2948 8667 1861 1045 7200 1218 6692 2677 8802 2110 2059 3047 8438 5579 3293 7742 6950 4379 1205 3049 8614 9943 7212 1350 8242 6028 9184 8848 575 9260 9843 5889 2345 2738 1504 9267 9680 9616 1567 3929 4747 1515 7418 3861 8462 8991 1496 4812 4588 3112 2465 2663 3663 3701 5808
63 6579 2767 5216 8560 87 7598 8759 778 7393 4174 4850 6292 9057 7544 1238 5872 4670 5925 2887 1753 6069 55 3363 1361 7055 4002 8105 7373 5158 5918 6288 3320 482 7075 1264 9329 9635 2126 8450 252 5683 3950 6512 9573 7522 1281 8780 5531 8474 3971 656 2886 6824 2300 6002 7016 9830 1774 7838 561 1575 8792 4665
60 1311 8757 5237 3543 1553 7290 5068 3819 539 8048 1265 9551 9455 382 5016 8301 5172 3696 4048 93 2981 7503 6514 2327 2068 781 9308 6542 7560 8027 541 1341 978 2257 7923 1934 1806 7121 1090 734 3581 7475 9469 9749 165 8752 5235 2855 8415 9067 8720 5686 2938 7428 2128 9189 4510 4754 4862 9438
60 9629 4646 8702 6784 8351 1777 7048 8 2914 2335 1142 6993 8144 4213 752 185 7231 9249 3858 5783 3859 5485 4983 4393 1336 5955 307 1955 6746 8153 3027 7134 8735 4184 3977 7023 5748 6421 894 2813 8800 727 3093 6089 3344 8170 3303 4954 557 7278 2550 551 4361 9950 8660 782 5114 1412 4798 3763
59 3298 635 9398 9513 5512 5839 3059 4952 8178 6895 3706 9514 6865 601 3851 2428 3926 4363 4491 4744 6990 7955 6127 1490 4298 6005 3600 3941 1225 4451 3388 2091 632 7268 2540 5704 4979 8353 2778 4322 2354 4352 7243 2689 668 5399 5932 2961 891 2026 6043 1499 8795 7579 8536 775 520 279 3358
59 1219 8321 1063 1579 5381 2365 5841 4359 5379 8060 693 5102 880 253 8654 3589 3894 2517 9453 1918 5562 1731 8012 4625 5575 595 177 5692 2370 6393 378 7561 4376 7960 4490 7930 7000 3567 7662 3235 1688 8712 2736 9605 3124 3332 3250 1009 7812 1682 743 6194 8352 6759 3550 8797 3837 9090 7124
60 9634 4705 1605 8419 9441 1880 1592 2620 9515 4521 3234 2238 3031 6726 1932 8870 2311 9221 1220 3122 4395 3937 7082 3070 5915 8111 6846 4900 7690 2747 7015 172 9636 1613 9764 8487 5879 6350 7738 4199 5224 4300 8186 9912 4495 6479 692 7879 8231 8537 5904 8054 4776 3165 6120 712 8574 6818 1058 8203
61 9027 8516 7451 996 7625 7640 5702 1754 272 8836 5908 7866 9008 4608 6926 7316 1498 6202 9560 2544 1280 4153 4640 4427 9217 3259 6209 3506 5857 3820 6567 4396 3207 173 8253 3952 128 1846 4122 2137 3304 6206 3023 1959 5080 9439 900 1801 251 3105 3578 6045 1439 7660 6318 7841 4595 7907 1309 5111 7616
59 3700 772 6626 4263 1587 6231 8396 7132 4723 5447 6458 5333 5401 1505 5339 1722 4251 3917 4932 6831 7255 2140 6710 7570 5778 9725 2016 9496 1163 1876 4548 9734 4773 2828 7723 6637 9209 7364 2449 2973 9778 5831 1458 9004 8084 8935 6964 7722 9888 5090 7902 3539 281 5899 6197 5696 6541 4695 3420
60 948 7221 5392 511 6991 7369 6958 1212 722 7588 9949 3342 3580 8114 8237 106 9475 212 1653 2273 833 7778 9659 5288 5682 210 7018 9799 5384 7013 1786 2773 917 9069 1558 977 1560 5640 8745 2013 8648 8700 8774 4274 1881 2087 254 1478 7465 1313 3747 4257 7401 6417 8552 3479 7208 6364 431 5099
61 8830 4828 2179 7666 9039 6621 4239 6130 2481 7057 8271 3446 7935 7308 1080 8185 6884 4896 1005 9193 3834 3058 9456 1162 5452 5019 5 1440 2556 1389 8233 5950 8469 9640 4061 9436 8350 8662 3072 8685 2271 2512 2086 4945 1167 872 2711 935 3125 3935 4059 3206 385 5475 3026 2770 6100 20 9400 7032 8376
64 3866 695 2867 5641 3635 7322 5053 2446 910 6472 2004 2484 3646 8156 1636 8236 1466 1612 9707 9877 7304 6298 945 7968 843 6422 3260 3874 4650 5467 7799 6424 8286 2874 969 5763 7281 1849 3800 408 3857 2071 5649 1618 4902 1052 3616 4157 4161 5868 9866 2810 2431 4160 4782 927 4496 4150 1234 8107 1797 3126 6628 7273
64 869 1494 2047 1022 8778 6449 7647 2060 7353 474 75 2080 1825 510 4217 5253 1245 5129 2821 6163 9427 1488 8555 2811 5104 2473 8598 2394 5863 4388 8320 865 5743 9755 6287 1886 269 6764 5976 2931 9066 3577 901 5612 6429 1253 8314 4423 2995 5544 1150 8255 6821 3978 9953 326 754 460 5786 4133 8407 7856 8564 801
59 4603 7752 2201 1204 3850 4123 5150 1610 4915 9227 39 9597 7684 9124 597 3592 4486 5100 6762 3458 5701 9430 2636 9812 5115 9139 8768 7492 5980 4762 8431 7378 7649 7457 7392 8618 9253 2769 3627 5132 9147 3113 7825 1817 7584 409 395 347 6927 6250 8191 2873 3169 9804 768 6347 8822 142 5867
62 6672 3463 8137 4075 4254 299 616 8621 7915 358 4912 392 8482 3502 8416 9367 2107 934 6830 343 6129 2364 4651 7637 8835 8297 7384 1166 3373 1879 9047 827 1800 6055 6721 5537 2524 3826 8568 9836 1905 84 7751 2338 9856 7922 455 816 5128 8721 1207 7062 8064 7597 2270 7713 2992 6992 9981 3810 7975 7343
60 5905 52 9449 9580 1169 4689 1075 1231 3352 2754 8742 5614 9972 263 7073 5862 3912 3772 4727 5504 1973 8268 933 7629 6548 6571 3791 4229 8310 3382 1994 9705 6669 7673 3305 6555 8086 6412 6388 1452 5957 8837 5061 3015 9299 4426 3801 9034 7321 1746 6107 4296 9038 852 2065 1383 2802 1175 9075 7327
65 1815 6706 2530 145 3440 6871 1898 5133 6046 8524 4230 8818 1802 5476 2141 1421 3520 3261 1665 4452 7252 7253 8093 5179 995 2959 1887 102 1271 426 2027 3904 674 1872 1773 7326 4166 5589 4612 7295 243 6539 8260 1772 117 3470 8506 7160 1547 4487 222 2031 6368 7211 1914 9875 5173 5992 4718 3300 2982 8341 6685 9232 1242
56 8917 5308 9985 330 3847 7671 763 8972 7804 9803 5143 1608 8504 5945 8162 5659 261 1369 7664 9491 2721 9694 149 9036 9914 817 8985 8171 5994 2616 5617 7747 8888 7147 9396 3824 3239 7263 8878 9304 4430 3160 5120 6671 2644 1028 2703 9995 835 2522 7099 8458 220 7829 6328 5013
59 7409 6154 6914 4211 4456 4382 524 4293 733 2624 4970 1239 2604 3721 4704 8457 1794 4958 9022 9915 4731 5606 8995 5998 8760 6211 4753 1694 1479 1419 8682 4357 7767 80 8429 4801 4533 6939 560 3836 2632 8977 5680 8638 1652 856 5620 18 4975 224 7 3010 3511 3054 9164 572 2665 5139 5121
60 4098 6270 5595 8641 3516 3542 2469 8913 5477 6493 5004 6204 9952 9072 2207 7224 2749 5522 9960 2240 3681 2265 2390 6319 8905 6343 4437 7516 3057 4786 4355 2028 4051 1317 4163 1752 980 5788 2077 8063 7676 6747 9858 1367 646 745 1781 8119 1113 2520 3034 275 2548 9583 651 7347 8611 2666 1633 1084
59 1607 8411 6007 7122 4848 7638 905 3889 110 377 4356 5627 6898 6079 4500 2017 8393 6853 9307 2419 5461 5803 1736 6591 1654 7432 9401 7932 2022 4399 4449 3024 6309 103 1187 1077 1260 9125 458 6713 6378 6335 5490 2219 387 1768 7103 5717 5275 1588 5665 9944 5407 2337 4040 1770 6137 1417 2226
57 9538 3099 1521 8287 1244 6503 3907 3203 6712 6956 3943 4887 2024 1338 9146 3041 3223 5084 5433 2690 7553 8152 4332 1492 9241 1783 1094 1662 2385 2491 5583 6258 7291 773 8898 2715 9342 3676 7533 9619 8130 4717 7861 8036 3338 4543 8102 3671 7536 5669 4342 7876 9181 9040 4349 9354 4439
64 7822 1771 4170 2762 7165 2943 5726 4103 4547 6346 9933 1177 9922 4818 4459 6030 8426 3660 4232 5558 2787 8291 6638 7695 4137 8746 9885 7486 5608 3232 2777 2145 3761 3499 8607 2129 9316 6050 8058 1324 4687 3928 9244 850 9254 7568 6070 8791 2667 3973 8388 7864 1535 293 662 9839 9481 1865 1482 7404 2283 2159 7414 6684
65 2668 1626 9182 2169 9055 3233 6402 3444 6500 1782 5140 2147 2519 7413 3245 7194 7267 421 7092 7379 260 8441 4464 3803 276 770 1261 2602 2136 1946 654 8251 3732 5243 2246 714 6029 6627 1889 1060 725 3964 518 4506 5388 3684 715 1522 202 2259 813 3270 1457 7600 8053 4141 7925 5958 2888 6138 824 9598 503 7422 5424
63 6332 7444 6280 1756 5350 5897 323 5141 804 767 3173 5487 489 7509 3350 2479 578 2360 9874 3138 6254 1053 3314 1023 645 1951 4881 5685 5894 4527 9210 4175 355 1851 8502 2194 1468 9567 5728 963 267 7197 9138 1200 4471 9276 2066 4889 5003 794 2594 7628 6065 3136 9085 546 9867 7163 8098 8723 2564 1584 9844
65 3612 1161 8505 9175 2743 7793 5218 277 7083 653 6905 2694 3764 5073 9426 209 6645 1928 4666 4541 5285 8001 8261 6963 7685 1119 2929 3061 3632 9617 4674 2845 9595 7798 6357 446 5720 7504 3748 7797 2425 2799 1004 5334 6451 5493 1226 6744 2281 2571 4699 641 8777 614 5363 8871 1700 4730 815 5330 1152 4673 9007 2859 4652
54 368 8439 3994 612 6401 8062 8736 2987 6489 5125 5135 9878 5787 798 8647 6027 1392 5829 4027 6033 2082 8551 8037 9667 5270 7191 2310 4317 9621 5289 4765 9945 5536 8081 2096 3738 2872 558 2314 81 519 3962 1922 2760 1047 4659 2258 6826 4209 2692 7127 5290 3808 4392
58 5193 9064 9893 7269 9661 681 7235 1855 6518 8538 4950 6511 784 8150 1506 3476 2958 8703 7518 9460 7872 986 9668 6882 7820 7168 6253 3905 984 7030 4058 2267 6935 88 823 3242 6338 10 8157 9183 240 2675 4118 3380 6257 9582 5428 3922 4347 9474 2011 1086 2048 508 8316 7840 1180 9785
56 756 5911 8710 8386 3645 8000 9048 974 7439 8272 8491 2148 805 2170 2434 5883 4194 1000 8476 5361 2955 660 9435 9986 4997 3354 3815 8495 5371 1561 1387 4909 3723 2945 5380 5266 1943 6156 5096 3509 7541 7076 6577 32 8772 9887 5525 6582 1721 2400 1533 3398 4378 4864 2418 2032
65 3775 3933 976 7438 4497 8380 3359 7190 6556 1738 2401 197 9333 2934 4429 5637 7917 627 226 1739 6593 4683 2900 8970 5167 8915 8004 1650 8013 9166 9186 5164 953 4191 1790 2333 5784 2541 531 6353 8224 7534 3139 6008 3493 5602 2526 9172 7109 6011 1551 5248 8584 8897 9283 7128 4545 7416 2820 3278 5499 4485 9907 6981 4682
63 2709 6042 8371 152 9951 4780 7096 5953 1854 3839 8133 2669 5483 9083 6855 4644 4696 3615 7744 6501 8789 9105 3899 6836 7665 2761 7524 6389 4185 2056 6092 6973 9309 189 8644 3923 9024 7608 5189 5496 729 8825 9 5590 3265 2380 422 3963 3193 4825 4796 1678 5968 4797 5719 1570 5255 1327 5396 8518 2411 9324 2645
64 5935 6938 9128 1014 5817 7615 849 6931 255 5877 1603 687 2058 8622 3908 3944 9895 8425 1347 9243 5486 8589 7138 3736 6282 1643 1615 6930 2641 5315 6404 4285 2180 424 9235 7152 7654 7858 9889 941 4428 3641 1183 6928 1290 1251 3896 8845 657 6634 1859 8740 480 5779 4126 6507 2332 1128 829 338 3656 2793 7351 3485
65 5007 719 8988 1375 1147 9362 3201 7957 5828 156 2015 1573 4840 9742 6878 5154 5082 9563 9776 3522 9058 1814 2462 8704 7256 4764 5806 5089 723 1831 3046 7910 7854 4725 3374 9689 6171 7650 3569 9675 8852 7904 7049 8973 2990 6367 9924 7538 6014 6802 1102 6281 6885 5160 1920 4295 428 4799 9122 4441 3758 3890 1544 2067 5592
