28 20 8637 6077 7135 9998 244 2816 6923 6822 142 3034 6642 2833 1417 1200 6163 5465 1904 4176 2020 4668 4485 6099 8567 2083 524 6876 851
27 6214 6809 9468 6306 7258 6660 562 6339 99 5284 9058 2348 1594 1903 6002 2047 1398 1034 386 8384 9495 2283 8498 1434 9892 3972 4080
26 801 6573 7864 8915 7648 1730 4119 6879 5882 2690 16 815 3909 4296 8079 1872 4091 3170 3404 4701 8723 7819 5713 7802 1830 1069
28 1066 6961 5791 1795 988 6517 6546 9982 5387 5168 3473 6477 5393 4401 10 2798 2882 2067 2674 2212 4045 9217 3357 305 883 3727 4586 2503
26 8247 1551 5199 3304 7085 321 6390 2654 6285 7366 6078 4197 9413 5391 5876 4638 7273 7419 8990 6258 3983 6330 2230 1731 7637 53
23 7621 5469 9487 9478 7967 1844 265 1804 645 6962 9679 9988 6946 7032 3462 9803 6874 3500 9117 3931 8510 1530 37
30 2734 2726 6952 5096 2999 8520 3562 8563 3923 1205 4026 326 8597 6434 487 4637 7316 2401 2360 3338 346 8692 9865 467 9799 9505 8120 719 9522 6141
29 753 2036 3744 7243 6508 4537 5113 2594 3672 2327 7377 1132 9034 9513 6139 1597 1558 395 8224 6035 5398 6249 3773 118 2156 1922 7551 1866 3656
30 8449 209 6157 4104 2532 3316 4522 8345 2468 1724 784 2971 3610 7417 9210 639 7711 5502 6110 4497 363 3844 8443 582 2323 7804 1588 4665 9411 7389
21 1269 1287 1387 8209 3331 2415 3697 6392 7027 3297 604 1461 2508 6338 9519 5318 8045 3849 3892 4729 3617
29 1389 9916 2214 8868 8314 7952 4812 2932 5872 923 103 45 5907 4569 4070 8608 940 6000 6098 4839 4794 4747 5823 2289 3125 8028 509 231 7280
18 3133 1213 9238 9933 7443 982 9188 3072 5426 4754 2601 4282 9787 9919 6772 1619 2902 1889
27 8729 5388 4232 5814 8502 5228 9353 742 5103 6798 1695 7312 7172 2164 3360 7166 3679 5956 5640 1626 2655 5030 804 7669 4479 4834 8245
24 3823 9481 7519 8487 2392 5390 9952 4260 3843 4360 8378 8526 717 7923 6534 8082 1631 8527 9808 2574 3671 1562 9743 285
24 4265 2367 5868 6625 1650 1328 3657 8272 3019 6813 1204 2138 9305 8763 3695 1613 2520 3884 8238 9279 5047 723 2433 3607
29 2852 7666 6850 9820 7317 2165 1890 3586 4492 3046 3271 8664 8085 4226 3559 5121 5971 2713 3027 513 2984 6677 6973 7188 7837 2793 4518 1223 6651
25 4223 7930 8833 3038 8381 9143 6648 5510 3962 8279 3291 9015 9856 4202 7321 3952 792 3905 6314 7521 6150 331 8347 3151 894
28 6582 4427 4854 652 4880 3747 7634 1997 4879 5997 1083 4877 3725 1725 4052 844 5045 2843 8514 2675 4661 9281 1256 9275 8000 1040 2442 479
29 8336 9027 9219 1231 5808 9418 4641 373 8585 7510 2684 8092 3071 3719 8589 6826 270 7718 5514 4253 4234 4570 2861 1373 6749 6231 2862 8827 7092
24 1753 5367 4502 8927 4073 6958 3157 648 9039 6547 2363 1168 7628 7429 3286 8090 3111 223 5445 587 5427 7582 1627 1090
25 7491 6188 1442 7823 2715 4029 2946 1480 450 5042 6955 9119 3847 8815 6977 5688 3309 7324 5559 2039 6801 9554 5891 9565 3723
33 9814 2956 9237 6521 9377 7508 6492 8026 2800 2326 9731 5744 1891 7977 7163 9888 1874 1721 1309 5463 558 4387 3786 918 7838 1907 3645 2145 325 1967 9959 9328 267
22 552 8367 8728 7891 7140 4236 4968 3754 2237 5969 3051 2077 55 3417 4738 2642 6838 219 3557 3523 2288 4003
27 8072 9805 7335 7611 8957 802 383 8895 6589 856 9036 6187 644 3913 9371 1037 6578 7492 6221 1984 5669 9336 2599 354 2821 6686 86
24 6232 5852 5722 7110 91 4339 3239 2322 9593 1375 7547 23 9317 1411 9999 2154 8666 540 9432 2439 1932 4546 9889 8392
24 9379 4783 6650 9303 5176 207 3712 5965 9444 5924 4046 3507 5264 1727 9434 8535 9631 5946 1489 7968 7260 6580 8173 7278
24 516 7641 4647 5402 5777 1151 51 4324 8442 7656 4940 8146 1096 73 4947 1257 2698 5126 3420 6093 6080 388 774 8652
24 3010 6402 234 8243 3816 4308 2762 6569 3812 7969 2914 2844 8098 8030 6604 5273 6777 672 3412 3614 1438 4571 5803 4396
21 8041 9201 1027 2255 1395 8379 7908 4552 6361 1803 3549 9185 5159 794 2504 4365 2716 1970 6796 8043 9316
26 3112 494 4525 1294 9972 7705 6065 5635 7543 440 7511 171 1579 38 5374 6662 8962 9061 4786 8933 2760 4298 5442 5761 4135 667
24 1805 5376 8081 4338 1445 6797 2285 227 6010 8104 5841 201 1100 8457 6309 3620 9868 5232 5304 708 7256 9169 1920 8531
26 5136 678 453 6269 257 9658 8814 9647 2521 306 3028 9324 6399 2420 1586 2705 5553 1915 5282 5384 1791 2849 3775 3839 3890 8299
27 1864 1689 5169 7219 6085 5482 7639 9744 6491 8821 9358 2365 7773 5010 3153 222 2829 3382 3032 1486 1404 4859 2483 7868 4666 3837 7193
31 6133 165 8246 6317 3389 1883 1005 4309 5290 3006 2472 3643 139 3374 4904 7341 2114 8494 2239 3798 902 7677 939 9730 2311 7903 8291 2333 5400 9372 1002
20 3270 7875 8764 5017 3922 9921 5342 6352 4122 9004 6776 2293 5795 2746 7603 8151 7303 2262 6360 5170
24 295 5108 2203 7893 8570 4690 2432 2758 4034 2413 6733 2229 3165 9530 2055 7871 3668 3609 3029 7237 6716 3944 6343 2300
27 2286 1158 3524 3851 6524 5609 4618 3436 8022 2552 8644 2117 2011 608 3653 9441 1392 4214 7058 106 1521 4965 1247 6670 3321 9145 1303
24 6298 5067 1267 2736 5578 1621 4963 7623 7482 6941 7515 3413 4687 9965 3574 6696 4127 5534 9012 5911 6821 4140 481 1858
18 9345 8234 2378 7709 4031 6253 7044 5964 5132 936 4644 7003 398 8417 6571 9891 5717 242
17 5901 6177 3409 1351 1206 1559 9895 7029 8575 9146 4938 183 9560 3893 5383 7031 3779
26 8654 4111 4196 225 2186 1819 7844 1400 5605 6990 5160 8147 3925 5112 7405 2060 9542 8693 2909 243 4679 9497 6391 5107 3766 2529
27 7099 2458 1032 669 8339 1953 5889 5802 8459 2404 7489 6865 1560 2745 8252 776 293 5002 4823 4472 8235 5089 8956 1341 3882 1162 5352
25 4311 2233 9694 1481 2768 4199 2418 1302 7539 5490 2414 7068 2014 6594 8726 4150 6348 6782 4077 7805 3612 8375 6931 7407 4829
27 7400 6502 3628 4855 6365 66 8519 4042 2506 2070 7807 1980 873 3440 3449 8774 3660 6033 5157 4509 2632 4756 2347 9206 9081 3792 3138
25 8910 2241 3927 971 1123 426 1702 4577 9733 9710 9817 1148 9555 1088 113 8799 7742 9669 2118 1334 9073 2998 9657 3225 6539
22 152 7986 9263 9008 7493 5504 4512 6566 7333 3358 6549 5274 8177 3664 5496 8871 9942 3599 6494 1744 5624 6198
23 4682 3998 7016 116 8447 5586 8427 7413 1539 6702 1947 2205 4553 9161 3136 4305 3026 9903 8609 9668 8477 4175 6528
32 9930 8258 8122 9220 7876 7485 446 5125 9995 4705 1750 7785 6200 5606 1164 7075 8753 9223 1212 5148 3469 4456 2004 6164 6738 4471 355 3646 1658 5721 5519 9236
24 8322 6563 3061 1119 9367 3284 2412 3989 1367 6364 1709 1366 3443 6959 170 732 6389 9753 8485 3956 8670 5292 465 2199
21 5598 4568 3322 7204 4010 4819 745 3866 6751 4595 2256 1794 2834 2603 755 6654 5473 6081 7020 2261 1716
27 5026 3818 1243 1917 4268 2526 7917 9778 4423 685 7176 967 2605 9101 8819 4529 2325 6439 4981 8340 7704 4330 8801 2245 8940 6238 1528
22 9610 2649 9507 8792 1752 5886 3428 2167 1625 5417 3878 4804 2357 5049 4037 1764 6457 3977 5162 8579 9623 7912
25 1835 5202 9586 6212 9937 1324 5562 5929 6739 4686 2539 7023 9529 7453 3475 3445 9741 816 519 9715 8558 6788 4331 4263 9798
23 278 1567 5696 2896 1319 3872 4531 735 8023 7588 1834 3300 4448 2730 5069 9884 7030 1741 7892 5424 41 9338 3167
30 5536 6038 1802 614 8564 4815 6472 1787 1571 2589 8830 9360 9935 6532 4885 2350 4627 5077 9070 5219 7897 9297 5819 3938 4736 3980 2397 4097 1552 4090
21 7398 7752 3769 4276 4230 9599 9991 6297 6617 4033 8402 1379 4667 4307 2573 9440 1141 1082 3946 1134 2757
24 7010 4935 8199 5987 6107 3394 5486 5053 9025 7796 4496 4672 5231 5032 8396 6030 3804 9016 6259 3370 4660 8897 4149 6870
29 1193 4510 357 4848 7684 8746 6516 1930 1512 8890 8153 6345 6079 4692 7424 6193 7137 6556 5295 8941 710 4892 2459 7631 1145 8903 8380 7604 3716
28 1719 1020 548 8455 2266 5152 9688 4060 6447 5418 8614 7947 5692 2446 6820 7496 469 6869 9162 9274 380 5408 8231 8987 9433 8778 3982 9028
22 2908 3313 9364 4861 2242 9382 5362 4420 443 9472 7933 663 4753 9858 8156 2400 3288 3546 4179 174 6489 7607
27 3162 9902 9559 1391 5311 6293 4572 5261 2140 6966 5396 8382 7325 7594 6144 8198 2173 4896 1582 650 2937 2918 4138 9843 3086 5191 6641
23 5720 9675 8812 432 6186 1790 612 2340 2334 720 9911 3751 8189 7523 7881 1344 4354 1137 9644 4266 7430 4897 5215
24 3760 1443 2694 2531 2381 7525 9446 4797 2423 9776 6453 916 7208 3891 4325 5479 3799 2376 8835 3074 9157 9341 571 6511
24 9691 9756 770 4931 8887 670 8702 2010 4773 3458 3594 4706 6685 3870 8458 8704 4156 7562 88 6775 7957 6949 1057 1751
21 3906 6300 7474 4432 3634 5365 8769 3717 6761 6781 151 300 2220 1694 929 2475 4348 120 8949 8214 9241
23 4 8038 5863 1988 2234 6645 2035 3183 5760 4001 5566 3521 1574 7360 8683 22 3896 2215 8116 9042 1871 9989 9826
25 9606 5646 1950 3082 1544 6919 8577 1663 9860 6500 2917 651 9482 6183 4950 9757 6415 1647 748 166 646 7472 1425 4916 8750
35 195 3669 8244 2034 2517 4549 9795 3214 1822 3914 4930 1307 789 885 8300 1737 1125 8674 2691 7018 9961 6789 4301 2755 3037 880 6336 2170 1382 4507 2041 7685 7855 1652 4872
25 7210 6495 473 690 2587 4876 5691 5874 8139 6979 8930 8612 8578 904 7808 3280 2309 2436 6479 8395 9592 1875 1706 8357 6711
22 7995 2422 1451 1333 11 1986 8341 5443 9403 8123 5351 7820 6649 2153 1676 1628 2628 1894 2068 633 7205 7206
28 3862 9861 9990 9956 1948 6875 7374 3344 2430 4181 1441 3999 1313 6835 6913 6217 5583 3514 590 9193 185 7616 5695 6640 9255 4084 1683 8012
23 8220 5976 9171 7589 4275 4831 810 1595 5130 7516 7781 1593 5153 7298 4699 2498 8993 7361 7383 9987 1605 4541 9215
28 3784 1353 1420 9388 6291 8587 7872 7836 4048 8479 3662 536 4008 347 2570 5038 2579 3623 4141 4274 3540 3732 2789 8573 8166 7699 4599 887
22 2306 2149 621 831 8643 8685 2752 6652 5150 935 6007 3219 1029 5532 2513 5350 7531 188 5198 2042 7702 5738
30 7575 6319 6370 8496 5786 3089 5317 8326 6693 8771 6181 9523 8034 8211 5591 3166 9448 658 541 9436 3457 6705 9809 637 8916 1926 3834 1996 4364 8893
26 8538 6597 6975 7919 4424 8130 2693 9834 2202 12 8906 764 2026 141 1987 6864 6723 7890 9994 1811 1058 9476 3827 1814 7961 9285
32 1019 8742 7102 7744 1654 9068 907 1825 9277 4908 6025 495 6120 3887 4094 9876 834 4780 6103 8329 4058 8052 2339 2776 5472 4528 6404 4560 7888 3520 2291 8965
24 8426 2409 1773 4460 5248 8948 1740 5535 2426 8730 8057 8896 1429 8027 1928 3244 6753 521 8539 909 8709 2922 5218 1806
26 9887 6630 7798 9706 44 6278 8061 8436 7733 9790 769 3855 8970 2076 9825 9558 9295 4838 7078 6535 3036 897 2384 7870 3635 1761
12 6480 2516 9562 1498 286 6289 2441 9187 2371 9674 8630 7158
26 9414 4767 5119 746 6292 2785 2824 4351 8233 2045 1456 1813 1424 6236 2030 6602 7211 3 6060 6867 9576 9132 6918 400 6553 3001
22 8242 8621 279 8404 6072 1482 9276 8982 2965 8181 1466 291 1430 94 9899 5462 1080 6845 8776 2990 7615 1533
21 6994 984 5379 6804 7215 1301 7695 550 1149 318 8237 611 7568 5804 1526 8275 7465 6732 6562 1043 8364
29 4169 1941 3448 8068 3335 2624 3939 6794 1024 3489 5456 7191 8960 1639 9384 1343 7726 2648 5789 7725 6426 6844 812 4332 581 9734 5423 7464 4605
27 4207 4081 772 6605 3654 7025 9815 1329 3241 7663 8786 5431 8755 9544 9659 607 2616 1648 9095 7972 5625 2318 9009 4766 809 2973 557
23 7282 8872 7432 4490 5324 2052 6584 2944 3301 298 5072 9603 3606 4598 908 6855 1289 4151 2857 3482 9060 4969 6676
24 7481 1239 1285 9704 2611 828 2743 5991 4419 2542 5364 2072 397 3128 7777 4099 3289 4013 7173 5714 4203 9106 1940 8164
25 5211 1226 9225 5399 9202 7833 3466 1060 8996 5035 3542 9940 4755 7180 7825 1023 6872 8945 6675 9449 4743 3701 8602 6827 6318
23 9097 5084 6393 3536 4700 226 1578 9177 5590 2825 4494 8167 2951 7501 6747 7355 4554 1178 5416 992 9198 7597 7655
26 1268 8160 8826 4905 1352 8365 7747 7088 1934 3206 6327 2155 1232 282 8032 4072 8892 1013 3519 5223 9545 9653 4047 9736 3539 3336
23 8361 2449 4050 3139 9905 9683 3372 5441 4146 2663 9460 9491 4074 6474 7320 2868 3991 4193 6213 4369 1991 6862 5942
29 4744 7576 4788 2569 5783 5194 4270 1981 2403 628 1855 8462 1500 8675 1693 2614 4391 1785 6128 622 2888 4941 3831 4688 2555 4620 6666 8721 7116
17 7356 5395 371 8373 6828 7416 6784 4438 3064 4049 6341 6911 4323 4907 6466 9435 6057
20 4198 5190 5531 1892 9946 9848 7832 1224 7111 5347 4564 3680 3453 1236 3293 5522 8549 631 5740 6196
22 5613 6632 9581 8503 2127 4038 8292 7142 3833 9139 5412 3430 5708 7911 760 2769 3978 9005 4170 7946 3405 5568
25 3750 4361 2374 8560 6600 866 2848 6661 7212 7435 9254 3202 482 3177 4486 8157 9552 1553 1273 9827 3649 694 3873 4470 8346
25 8678 7668 5172 4733 3493 5572 5936 6126 1337 6754 2141 9458 3731 5091 3556 4337 9137 3471 9026 6170 5158 1004 3347 7294 8074
21 6140 4853 6771 9361 9548 6730 9618 2217 2588 4162 9280 9074 4945 599 6824 5981 3644 187 5118 4418 6153
25 7161 7741 781 5979 4474 9900 4724 9268 1183 2840 6096 5866 9296 3149 7033 8677 3821 4887 2672 6729 2916 3221 4288 3730 6174
25 6825 4592 9511 3368 5711 5733 8333 8495 2335 1609 407 3655 7857 2225 5171 5626 9269 3965 6606 4495 6379 5565 4380 9547 4730
27 8207 6773 7700 924 570 9854 2213 9375 2969 2906 2622 7308 1587 2527 268 343 7549 6235 7494 1749 3498 2180 9789 7231 981 163 7629
24 2063 156 6383 2927 9125 7801 6149 852 7120 7757 6692 7806 5642 9642 2519 6780 8412 4515 7103 4717 6386 9823 6847 2073
27 7319 9196 9239 707 5726 4291 1279 5664 5296 4243 3311 6682 7233 997 2074 4493 1473 5249 3740 3041 7922 7309 8912 2354 7390 9401 3187
30 762 9470 4886 5348 4734 7951 3824 9342 7920 8758 4799 6656 5665 584 5460 3928 9836 3686 8374 2562 9356 9063 5560 1867 2666 5977 6385 5309 6808 900
17 2096 2803 4453 1824 9883 8768 1799 3693 8319 2790 5812 692 664 3397 4386 8696 4622
27 5984 2390 6957 7786 8849 4359 9793 8191 1901 5694 7050 6216 2638 8832 5970 4200 1561 4407 8866 5753 8580 1590 954 3258 7411 1942 5975
24 9499 3631 6629 4929 3630 3467 9978 9594 673 9057 7646 4213 7101 838 4542 4565 3920 7862 7517 1403 8989 104 3378 2657
23 2023 8021 13 8738 4681 6631 6976 8840 5321 6303 8304 6418 3057 1053 4520 5213 5551 3810 9758 9158 560 7483 6194
30 8931 1669 9287 1708 7385 3053 200 4966 7916 4990 4113 3593 6699 7583 2218 8338 6983 5018 50 9209 3268 7421 619 6806 7299 8029 9842 8401 8921 4208
26 4936 5768 7286 7534 2352 2410 8075 5339 1159 122 6576 2763 3084 3441 1330 5268 4659 1452 3950 1103 3710 931 7906 3780 2281 2737
25 289 6227 5236 7378 8161 952 4578 7045 8867 5440 1184 77 4792 1714 2222 7764 4534 3262 3561 7 6948 3330 7894 2136 5302
26 5595 4289 4784 4378 529 1240 8807 1109 4720 280 81 6396 7403 6353 8647 8925 8881 9591 4807 6698 7954 7659 2617 9898 4721 1484
25 2558 1007 82 9777 9779 1809 485 2805 666 8318 4371 9829 5999 2395 2112 297 199 7152 7840 8306 1359 9968 25 1985 8202
21 9964 3682 2954 6425 5620 8542 1767 5989 535 836 8717 8508 3790 6830 4988 9839 841 9967 8059 3171 9802
28 424 3152 8998 5099 6735 5858 1097 4158 6420 4381 711 4316 1462 9524 2819 3748 9084 603 8883 4523 9438 7169 890 7683 1455 4634 8268 3603
25 9769 5377 1615 8810 7275 1165 848 5790 5729 7395 6912 3009 6055 6527 9915 7780 361 2232 1000 765 2582 998 218 3976 9018
25 3097 2467 7035 5545 9175 5453 1172 4467 9475 4411 4451 7557 6726 5154 3974 8337 8946 3986 1076 7614 5288 8117 6045 771 5602
25 4442 3120 4924 503 5477 4190 378 7434 6367 6465 705 5651 6745 1118 3568 5269 7332 210 7004 7155 5370 780 3865 4731 1261
18 9099 7420 6914 4285 6503 1565 6172 9118 3575 3708 589 5498 1468 7958 8625 5677 2094 8125
24 1525 4255 2018 671 8682 5897 8804 2960 338 3299 6674 2651 8687 2957 8657 2493 583 2742 111 2315 675 4402 1972 6040
25 9958 3063 9366 4513 4317 6728 960 7460 9347 2142 7348 6130 9728 7373 6192 787 9579 6313 3881 5082 3485 2670 9534 4475 2253
26 5262 4836 8065 8655 4441 3692 4713 31 3069 6561 7619 3814 7512 9301 574 1515 4602 2082 341 7691 7609 8454 9363 9462 9033 2656
32 3160 5533 3736 1748 1742 1042 822 2282 499 3993 2477 8282 7899 6104 6559 6700 5836 9114 4452 5564 7915 8286 7307 2125 5065 6734 7843 4036 8684 4007 3615 7253
26 2671 972 5203 5227 6024 6362 4934 1788 7816 6414 7570 3797 3190 8972 6152 2223 6270 392 8096 7379 7290 4809 4142 2620 1225 6210
27 8936 5141 327 962 9796 6814 8724 8512 7963 2858 7910 6019 6750 537 3883 7990 8751 1284 6848 1518 9319 6691 9584 6176 4116 8834 8175
29 8847 6329 4242 1006 9635 4356 2478 6357 9629 9 8820 1563 7353 3852 4874 4131 2615 2492 5310 703 5241 359 767 9786 2604 4341 6459 9038 6197
24 4009 6015 6892 7214 4977 258 1548 4704 2276 8227 9498 8631 2533 3718 3091 8633 6371 2673 9785 126 6423 7907 3320 7678
29 9086 5742 445 8705 9346 7988 2880 6554 5563 5224 9800 785 7978 7849 741 1199 72 985 3126 6145 9749 5838 2192 8140 9589 3733 2893 5008 1143
19 2777 8507 8439 7774 8067 4918 8715 8226 5558 7503 4465 5579 2814 1311 8053 553 4683 7664 1396
26 5727 3444 4628 1735 4609 4891 5146 7554 8264 7642 8909 3969 3371 7247 8276 580 9947 5357 7633 5229 2115 5896 7104 7559 7542 4434
22 5200 8884 428 8950 9867 2534 5781 9514 3897 1181 7228 3318 9910 2166 2260 6984 9595 4109 5678 1606 906 9849
25 7495 5993 4789 5123 4613 5637 878 8938 8284 901 4257 8491 1888 8703 330 8978 8517 6614 3973 1672 6377 6206 3675 8994 5731
26 9024 2368 1820 4606 1633 7184 6484 6281 3422 3203 9111 4459 3356 3463 4901 9154 4410 2556 6496 6066 6834 4310 4491 6953 983 1297
25 576 5615 3470 5012 2886 9227 3707 1963 7393 2645 7229 7410 5917 4837 9986 2133 4389 410 1405 8588 7966 9641 7883 3689 2051
19 9394 8229 4746 7839 9509 9954 6154 370 898 6240 925 9764 8860 3211 5392 9536 696 5086 3825
17 5597 4759 7687 2292 8452 6558 7401 1786 7980 8155 2294 8040 1916 5657 600 7124 3735
29 5291 4051 3621 7375 6621 124 567 4956 6708 8488 2359 8240 6435 2895 7165 5686 7540 5355 2238 1660 3184 1494 4124 2193 2445 8063 5581 2037 9601
29 1084 9518 8976 224 6924 9251 36 8668 283 1783 6752 5658 915 2794 431 2695 6290 1152 8416 1641 6731 9289 2515 7442 3937 3509 3879 2921 2687
25 7055 1207 2994 2771 9709 5474 9365 8615 7117 9159 3960 9228 8205 6689 8222 1342 1086 2198 4498 5277 1085 4942 8168 4842 8963
27 4993 4597 2865 4083 8397 1507 2257 7672 2210 6709 9490 6613 8050 3681 8568 8859 3350 2119 1775 7558 9997 7477 9194 682 6315 6963 949
24 3174 9693 7937 9192 5944 2280 1503 8196 6779 7391 7024 6795 5009 3863 1556 2081 261 488 4336 9348 4824 2669 8669 656
18 3587 417 6470 58 9894 8818 9676 221 441 3049 4813 9266 8005 2015 4893 1927 4535 9515
26 9908 5839 867 5052 3783 4005 1527 4096 5283 1282 8959 7649 911 87 1622 7466 2964 2364 3541 9045 3579 7412 7795 3341 7475 5470
22 5638 263 889 3464 9312 6607 1312 7504 2093 9313 3738 4445 1071 736 4894 5835 1919 995 2301 6715 8039 2636
27 3975 8013 6395 1679 3346 8971 9761 9386 8781 9311 6557 1383 4900 1884 3877 5301 7415 4106 2935 5780 9466 6204 4576 4972 1848 8716 115
25 1937 4615 5985 4347 1286 8261 8103 2738 3490 1566 1766 6205 1427 277 3864 6274 9879 8466 6262 5994 1840 4059 3050 5862 5101
26 932 9308 660 5904 9890 4875 6530 4312 3376 5952 7125 7541 5238 5363 1077 8128 744 5447 6369 1568 3803 7478 9746 1499 333 423
27 3706 6542 1336 3390 523 9543 8048 9344 9941 4161 1067 1114 4656 6743 6741 4590 2287 9406 2216 6182 7734 4601 5111 7279 3666 6802 9907
26 9780 5641 9078 7595 9783 7194 2016 4153 5242 4063 1534 547 9090 5684 9953 4469 5338 7129 3261 9330 1436 3260 4355 1196 1064 5147
30 1150 9717 4996 6770 9973 1171 9156 3517 7622 6020 8302 2075 1409 1237 4985 2270 7962 2031 634 7579 3045 668 2336 7878 6161 2097 4840 2919 7372 3555
28 6638 5846 7935 4594 2553 9932 1264 6001 3000 8108 3399 8720 2881 3269 1401 4287 1895 7926 9835 319 4559 5180 4002 2753 6529 1192 9179 9759
22 2554 2890 3255 922 449 6119 9421 5928 1592 8914 5855 8351 131 1406 819 9265 1793 421 2817 7813 578 5359
24 1101 9643 1169 0 5316 7329 7002 9110 6071 2700 4722 4133 6169 8087 3789 6228 4652 6412 5541 888 4071 9857 6712 6615
27 1014 3513 284 8566 7345 4844 5247 2124 9550 6956 4446 8349 3861 825 5690 3129 381 2064 5654 3017 5381 9292 9596 4614 5196 3116 1463
28 9007 4527 3796 4989 323 6713 128 7100 9200 149 5425 2818 61 4978 2869 8343 928 4488 8017 9870 4882 168 9141 6211 7567 4511 6868 4023
25 6970 114 1338 9283 5920 8995 7083 1280 6906 2697 8737 7006 9664 9583 9727 7028 9634 3169 7014 7216 7514 1800 5822 9765 5555
27 3945 1072 477 5820 6655 3232 9645 7831 9738 8182 6026 9376 9966 5415 3961 2576 7126 1575 7257 8250 5016 4516 4085 7318 8389 8773 2008
20 8020 6448 3912 892 6877 8076 6441 5925 5503 2089 8967 7556 1856 4994 5930 5279 5523 5672 3256 2706
29 8370 5322 8295 6697 7409 9071 3908 3573 9174 3940 2268 376 4088 5493 1728 2408 9048 1756 8169 1105 1873 1818 8091 6122 2329 1535 1175 5879 7654
24 3481 164 2635 5539 9109 9320 5630 4939 2986 7238 1675 9373 6929 7713 2462 8154 4543 9501 193 4385 6440 1557 4898 8748
31 2535 3226 5689 4693 6673 6623 8979 5662 9205 6438 9000 6783 3196 8450 8787 8390 8254 1610 490 9235 9352 146 4221 4375 881 7728 1327 7017 5611 9387 197
24 6922 8562 6009 8885 1722 5221 6968 6928 6718 4841 2341 1377 6028 4180 3426 1885 5888 4056 5607 1979 3198 1504 228 6901
30 777 1127 8626 790 1696 7580 9976 1998 9773 1968 2197 4358 6818 1878 8697 3996 5048 1529 9875 8662 56 6810 3141 1659 7019 4087 143 3583 9821 7982
24 766 1061 5102 5325 476 6207 4092 5464 2568 3764 2583 2870 3592 3699 5109 4384 5577 320 3228 7022 9708 4322 9485 1759
28 1881 5165 4708 5530 3737 1739 8283 7364 1464 5209 3276 9763 6525 9698 119 8824 1241 5041 2547 7311 1957 8288 8078 877 4504 8754 2976 39
32 9134 2134 2505 5344 2567 1671 1371 9354 6680 6264 7599 6082 4017 840 7106 7397 9091 3022 8315 1186 7352 2453 3012 8058 2005 5864 8363 4211 968 19 9191 8262
27 4867 4921 6811 2489 6585 3005 2621 9147 4457 4053 101 1191 3265 5769 8095 5366 3516 2447 4971 3421 3339 1295 4811 2296 2565 5893 3793
24 9474 3720 5272 4748 8312 9304 2810 697 738 6086 1520 9801 2353 8256 5330 4357 2749 5628 3963 4632 6012 3721 9974 7644
33 3480 194 4030 2740 4862 8083 6987 8112 5521 7034 7469 1230 1368 1657 2696 4532 7763 8541 3987 6031 4267 3381 5619 7612 6550 9590 9046 555 5937 8848 9321 5025 6073
31 2244 1011 6201 7041 3454 4279 3142 8806 3106 8659 498 9108 4166 1219 4372 8656 2175 8877 4645 7015 64 2500 4624 6299 1944 818 2277 9213 7605 8816 7918
22 237 6791 8782 1323 6101 7144 9616 2650 2108 3894 9390 849 8557 3981 1102 2853 8330 8049 8073 7858 1227 5252
19 9810 7714 6349 2549 7949 6263 8470 2765 8217 4740 1281 4455 7145 6766 655 4304 1051 1147 5697
24 9962 9699 9516 8206 9233 4790 7218 4775 1966 6969 1130 2931 6034 8060 6416 1154 1807 9370 7488 7498 8853 5548 406 814
22 8829 4098 2578 5245 8534 7059 8636 2823 8523 3118 9782 6619 3122 1459 8992 1135 9850 63 5732 7266 3279 7797
25 2851 6323 7371 3714 5723 4524 8316 4414 2679 4603 3903 2279 8009 9207 2559 352 3396 6113 2135 2382 722 9844 5337 9526 4793
24 8080 5575 1971 4610 3175 7956 9740 5745 9430 1453 5081 4235 5762 2116 2332 7688 7459 5105 3018 4960 1549 3274 9107 4752
20 2159 9284 2369 2668 3622 1362 9126 8865 3525 9130 358 8042 7509 5527 9611 3503 1717 7989 1170 6921
20 6499 1644 3988 2006 4283 7584 3398 3154 5340 3888 5728 9252 970 7082 4269 3926 857 3011 7624 2923
27 2095 5177 9748 3237 6052 6436 459 5011 9541 2249 7829 6893 2856 2939 4239 8014 2676 8311 1003 2235 6334 7476 500 4447 6376 7349 7248
21 2460 2686 6992 7513 9667 6762 1624 5027 1506 775 9032 3548 5055 4103 96 5716 5900 8686 8898 943 3506
24 9234 6430 1541 8646 191 8511 4995 8188 7267 4477 6310 5195 9626 2486 2804 405 1876 4137 2828 8377 1757 4540 3147 8170
25 6523 921 9246 2386 2751 4205 7073 4707 9224 2250 7197 8481 5197 2646 6331 8775 8024 7138 8543 9463 2747 8593 8394 439 8486
23 9663 2564 8803 2087 8478 846 7350 2056 1469 35 9378 5701 7944 9043 7021 9186 9893 9333 7812 3985 7394 725 8269
22 2766 3602 1859 1776 7943 2278 3127 4798 4751 7964 276 9445 5294 875 2394 1217 7284 8403 7938 7007 5220 615
27 461 161 7710 249 598 6090 8121 5404 1929 606 2320 8920 3608 3109 9447 7852 572 4249 5955 8324 6774 8515 8100 80 8891 1304 7782
32 7643 3698 1612 7011 966 5601 7087 4014 5449 9465 4727 8499 5275 3899 5071 8388 7682 2451 2685 1546 5491 4018 6136 5421 7652 5189 2681 9917 8525 6134 1250 6944
20 9335 8878 3984 9811 7850 4167 6050 9880 6455 9050 2979 4028 9391 7727 1370 5116 7502 9133 7803 2000
28 3777 2854 7467 3222 9098 7404 3569 269 9797 3081 6222 2465 4984 8334 2904 1483 4277 1782 4392 6097 2970 5827 6843 6325 4593 9909 6852 6737
29 4899 4689 7013 594 6853 4329 3021 5500 4562 2653 8152 3179 501 3208 7660 1849 4082 8695 3059 7824 7706 4903 4024 8446 6899 6581 2538 6117 4066
21 6988 8796 783 9602 647 7657 6570 4710 4055 304 4959 1961 2566 8016 4022 7203 5166 3805 1407 215 5671
26 1604 7602 2575 8200 1726 7198 5787 3077 4241 8600 2484 5345 6422 5860 3497 5024 5206 5506 9047 5749 14 3145 3020 8596 8582 1523
29 6464 2627 1999 6510 1008 9079 314 891 7538 3215 5773 1905 5007 1380 6531 731 641 2795 609 5419 489 3245 5039 6218 6308 9721 3476 9697 3278
24 6342 1949 5511 6878 3661 7754 559 2085 3809 4817 9165 4847 3613 7423 4548 7213 805 7113 7939 597 6719 3826 691 5547
38 7470 2718 5659 1262 1038 1124 8440 180 5056 3251 743 1477 9949 4760 5167 3290 1697 6284 6884 9425 5859 4377 6601 7288 5276 2385 4102 4334 6167 3901 3298 9067 4412 1690 7731 1897 8917 154
17 6286 6063 7993 8136 9578 2053 1093 1585 9739 6375 3898 2806 7765 6100 2428 167 2963
26 3047 2471 5543 4229 8852 5509 4825 8752 3817 2518 951 508 1542 1596 1576 1413 5561 9167 5128 9267 3745 5371 2485 9633 4415 6087
28 4134 5825 7148 1532 4261 5853 9862 8070 5138 2748 5508 1435 7331 8335 127 7154 4952 3534 5847 3383 3713 2560 9984 1163 4259 3093 9464 3094
22 3815 2913 2013 728 8342 5766 6586 5320 5369 5104 2444 693 4889 5497 5554 2248 3200 8613 3626 6209 5001 4718
23 7225 2345 9624 9040 2452 2561 7057 7828 9203 6114 9813 5621 5610 3254 3702 8783 1146 2780 3667 8483 1860 8793 6799
24 7136 6538 5207 5403 6659 8428 4108 2027 2577 2945 4112 4758 677 2920 3495 4044 8271 8673 1973 2139 6938 3512 1975 617
23 2866 6142 8991 1789 6787 6807 9906 7133 6305 2406 6644 8484 1643 1667 4728 109 9943 1945 9232 9692 5666 6424 2910
23 945 8622 8413 3979 993 585 7179 8731 5015 2943 2455 1540 3616 8732 3765 311 3729 1048 1050 1857 7830 2623 3492
19 5036 7739 1160 3446 9992 5520 9553 5660 8362 4579 7505 9001 7929 28 6805 1418 9249 247 747
26 4400 9140 7245 8986 3163 5266 3182 6337 5851 8955 6276 549 8158 5649 3597 9670 3526 2701 1326 3425 7931 5746 6468 3224 963 8794
36 4791 1554 4943 2157 6151 8266 9651 1965 7254 3066 8869 6260 9076 9617 8663 5683 9681 9828 7799 4217 6854 8947 3876 9261 3455 2830 5967 3830 6043 2502 7841 7518 4405 4172 5983 6882
24 752 1502 9512 7889 362 1670 2733 7596 1603 8711 5962 8066 2764 7444 7362 5422 4409 1197 1252 7150 4061 7880 6936 6757
23 6951 7901 6143 8958 2907 454 255 6871 9535 1951 4000 5906 5687 8739 7552 1308 5957 7081 4739 4776 4808 7721 6991
25 8410 8463 1331 6312 3690 1640 3874 8837 6512 3554 2123 8438 4623 8572 1052 2961 8216 8310 8323 1035 9402 7471 930 3581 6311
30 6358 3353 9638 7436 674 76 2337 6089 2328 4951 5003 5354 839 2546 7314 8918 7167 9486 5368 3176 709 946 9190 7981 9262 8225 2801 1517 2609 6124
22 3580 4320 6591 6118 2427 3317 3761 4749 2959 125 8110 5110 3916 7506 8935 4526 3369 6237 5525 8761 5406 1142
19 4583 3035 8561 5122 1733 5481 1711 3959 3442 4741 8425 2949 6282 9021 5507 3578 5552 6251 4016
23 2258 5237 9520 4393 4035 5043 9291 9677 2176 7131 716 8133 1470 6610 2383 5335 6394 349 5668 236 182 5204 2863
17 2272 5286 8591 3044 8393 8456 8942 5794 9872 5144 5918 3629 854 8109 8406 7201 6943
29 147 8660 2968 5435 5574 2580 896 1460 1115 8287 315 2104 6147 4580 9496 317 7959 4785 2591 5770 4383 7313 6596 7887 8468 6215 8 4970 2772
22 8924 3589 9503 8926 260 324 7760 7190 3252 3543 9077 8747 4519 870 8313 3024 917 3820 7159 1611 2099 1826
23 1936 3342 1399 858 861 4501 7716 2499 4802 9439 7061 2884 538 2128 3483 8817 1107 5542 3055 2046 2661 5647 3056
24 4352 1828 7898 2612 2595 2524 9104 9041 2867 5080 3652 4480 7451 1833 7326 9639 8213 4762 2889 4271 1508 1879 8445 3676
29 7446 3570 9426 3168 8115 1108 9180 1122 2001 9703 8672 7574 4596 8934 3941 3800 5120 6678 6579 8197 8004 9945 6857 684 8434 7347 7571 2593 2839
25 7793 1201 8880 2876 2911 5799 6849 9112 8809 6225 1591 5181 9149 7673 733 8605 6536 1472 8592 1510 2059 8556 7940 7856 5774
30 5151 3605 1290 1410 208 3124 2947 350 4264 7012 3146 1989 7992 756 2662 6897 9701 3031 5880 8708 1810 6387 8386 7422 2179 9318 7996 1381 6075 1649
28 2727 9257 2543 9838 8954 7577 8509 6765 4795 5776 1016 2641 6840 3842 1638 8179 5397 3088 9381 3491 3234 4121 8493 233 7368 4820 5921 5963
22 5333 4040 6003 6841 7177 6856 8149 2707 1254 8461 2161 8500 8985 680 8545 5627 3627 2827 6985 2590 5844 6131
27 5483 7791 8584 8407 365 8922 9230 4443 1550 8037 1078 3954 9609 1354 451 3240 1129 7354 4246 5240 9695 2759 8008 1278 7854 438 8193
18 8733 4816 7107 5843 8448 7226 5461 4248 9640 1923 5389 8025 5332 862 6704 957 7170 561
21 8610 8435 7342 1177 2846 1117 2150 4284 8236 2953 5059 5922 3173 4065 5890 9105 577 6427 7054 2417 3757
22 6324 2721 5699 533 7973 768 3472 1492 9302 9863 6760 5878 374 7241 4212 7009 1026 3054 3726 4998 8328 6220
26 8467 5951 2791 7809 4032 4810 5452 3487 9724 5057 510 5226 30 9871 7904 7077 9473 9604 3604 83 7261 9570 7810 3266 3841 7640
23 6785 4556 356 4315 9770 4991 2773 556 4293 4319 3181 7262 4915 7340 2393 6444 8010 3385 8980 5704 5871 2770 463
25 1870 7873 969 4168 3572 3415 1911 9950 2107 9537 7149 7740 8999 176 6223 9396 7447 8285 3743 1910 2744 9716 2860 299 4698
24 4982 2891 6908 8137 1701 6127 9752 5585 7195 8629 912 7934 7853 9339 1629 5926 8344 1347 4954 1251 7235 996 3832 1845
29 3308 434 757 3076 4973 5792 3210 3930 847 3087 2936 1732 9451 1180 4368 5840 9832 7089 8598 6109 1063 8984 8640 6565 6653 4866 6368 9002 6803
18 4979 2940 1433 9714 2 5087 3060 6008 5098 1244 9163 8767 8185 1189 5297 3598 7008 2682
22 2731 643 6280 1771 8604 7001 1545 3386 7527 3759 4416 8105 7456 3408 2227 7046 4890 3248 7094 4650 7445 2405
33 8714 9221 7337 8190 2168 8939 2143 4772 2512 8905 3351 8094 7062 6518 2211 9557 1314 6054 9690 9859 4328 4126 8317 5655 6363 6273 3423 2710 1812 1176 2100 6690 9298
21 4454 9351 4333 8844 9612 9572 9031 3195 7618 5267 9762 5484 6132 6926 3132 3929 2509 8698 3332 4920 7676
27 9477 8929 3213 5972 4428 1599 6888 9646 2048 3229 4697 8355 4948 3275 1369 7370 1291 4314 9019 4674 8148 7859 1524 726 5747 956 9538
22 5021 3307 7038 4917 5682 6372 6812 4251 384 2182 9454 3327 6190 7661 681 8634 7762 1030 9630 6158 9722 2767
20 953 800 7109 1449 3140 1292 534 8270 7064 2929 6061 287 1723 1623 1765 9816 6759 196 2461 7438
21 944 4346 3673 8836 1025 3501 9920 1487 9469 4164 6519 8603 4295 9314 4192 8838 638 3439 4669 4676 177
26 8437 8606 6471 8281 905 1166 5134 6272 1914 9732 2271 5444 4399 5175 2871 884 6497 7037 5968 3062 9725 987 1758 5571 2208 8033
24 6545 92 9189 7330 5537 7339 1602 9293 9649 9182 3527 7500 6014 2316 7093 3857 8760 618 4503 9672 886 7882 1673 8223
21 1457 6836 6526 190 4262 3366 8653 1598 2658 1909 5289 7327 2787 5685 4805 1861 6405 7749 2003 1564 100
19 402 7561 296 1684 657 3243 7346 2596 2200 7147 9904 4247 6446 145 4281 3596 4987 5778 4884
26 1925 6720 9665 7322 8474 3121 8114 8011 3518 6915 2837 387 5725 1607 7380 294 6021 3850 6540 399 2719 6488 179 8107 5633 8143
27 2592 9766 4508 1698 6265 8257 7323 8135 8134 1384 8350 8444 9085 4043 6833 566 7783 593 3902 7252 7590 7526 4573 3067 2373 7592 5933
25 1583 1479 6320 1772 9662 8616 6029 2494 1969 6022 4366 8418 8277 704 4194 4835 1620 6171 5263 8180 6058 256 2307 7665 1954
21 5756 3098 9010 1829 6326 1288 9979 9687 9648 7586 7052 830 2204 6180 6564 8581 9369 1423 6460 9847 3535
20 3911 8650 4350 4852 3096 5867 5673 322 7141 2319 527 9985 1851 6307 1167 4680 7454 1994 5457 876
22 345 6344 2264 6184 1271 452 7036 5246 8601 4435 1743 1390 5358 3943 6637 2317 8259 3023 6478 2708 5331 8870
27 5467 5117 3306 824 4258 7042 2269 3387 2071 754 8132 2756 348 6905 9442 4869 6203 6567 3565 1378 7686 140 4152 4612 914 602 4715
26 5764 6894 6881 1665 2435 3755 5185 1415 3014 6945 3758 2704 2600 4630 7535 4136 5183 7080 7376 4340 3919 8260 5314 689 9527 1699
27 7863 3515 302 1416 9052 4272 5593 679 2092 9355 1208 6800 6974 8372 1374 1021 2058 7626 2644 6 1454 1651 292 1296 2659 2482 4025
27 1157 8046 2905 7719 6279 522 8178 301 4413 7667 3678 1039 6520 9831 206 1854 5785 393 9248 2121 4067 2024 9231 6271 7924 6242 2304
24 2966 8359 1345 3043 5068 3201 7040 4538 546 2120 4806 5258 4814 7402 4611 7847 3953 6129 4703 4763 9059 9400 7845 4107
29 1681 5988 8964 6603 3889 4110 7707 5201 5063 4663 616 2739 9022 8006 5013 4870 974 3013 9869 2246 1899 8099 1956 926 4850 874 6684 1955 7079
22 5973 1372 9754 2530 5927 7675 5754 4649 8354 3591 8649 6051 1234 4171 6351 6669 7497 2775 8255 8805 4725 5044
24 507 9307 1110 2781 7750 3039 1120 3867 563 5413 1229 4547 9551 272 8221 8822 8232 903 5540 1394 829 6616 3907 8795
21 7866 2808 9750 7272 7259 9427 7960 2207 7778 9374 5451 8441 9136 6933 6837 2061 5281 4177 8745 220 1569
23 6250 2254 1033 1182 6048 162 9282 102 5271 895 7865 2469 3302 2832 1428 3795 9711 3099 2389 5837 5312 7950 2514
28 3665 9556 978 6208 8553 1198 5076 5494 9419 435 6786 3917 665 7242 6861 3688 6042 2152 1155 42 1896 9621 1797 6229 8828 6162 9502 1664
23 3367 3642 4658 3033 5450 5407 2032 8399 3238 9585 9881 701 9253 7199 7779 5887 5857 7156 5705 505 4233 6756 5759
24 4709 3456 4845 1306 2101 7787 3949 3762 2797 2463 4964 3544 9096 7697 3648 8385 835 6407 447 5816 4450 1054 9852 7885
25 2464 3156 542 9389 2528 2724 8489 5341 5775 204 8676 9723 990 1339 8552 1099 3753 1153 1335 4079 5592 3948 2955 7051 3529
34 8219 9405 9625 4771 4927 2098 5394 8228 2049 75 9912 6681 4582 7528 4130 7658 8546 8740 9349 8734 5584 6947 7196 9166 6473 391 3433 6903 1522 9197 8689 5287 1049 4677
26 5378 4913 1022 9327 3016 8301 1218 573 4370 133 3691 3113 6898 999 9415 1841 5062 8641 217 3933 4273 5178 2585 1300 9340 5881
27 6490 8421 4684 3951 8473 5594 6091 9751 2240 8759 7408 1173 2847 8044 833 4588 4642 7230 4902 5216 712 4574 1074 4129 5004 136 2370
19 1837 1513 779 5935 6039 8766 6165 5719 1388 3625 1747 5023 9142 7026 9211 1703 2084 3058 4933
19 3465 6005 3364 9654 1305 1402 369 4702 2303 4426 4379 8201 5884 7334 977 8309 8251 9996 5006
32 9539 9062 2190 973 9150 8661 976 2784 2928 8628 7418 797 5459 9326 6590 6036 6636 340 27 8873 9685 1754 2355 4344 3532 9383 9069 6226 9218 8002 3223 4716
29 526 8325 4782 2836 635 5580 6268 4006 2572 1580 134 6381 5600 729 3776 3207 9873 1293 3904 8548 2878 9794 6831 5623 1432 2274 2331 2424 2476
24 7384 7070 2411 9628 8590 2942 3110 3576 7524 3343 7283 4188 5092 1770 811 4100 6703 7984 239 6927 4367 6609 6887 8595
37 5873 9029 843 6070 7998 2069 5923 7293 4600 1906 2259 517 7457 8624 4362 2540 6717 9300 4868 3484 7153 9719 8171 7164 8524 8113 4912 5903 3217 7544 5505 9270 4144 8369 8007 5709 3715
25 416 3875 8490 5996 2511 6778 4327 9299 7060 5854 1798 5115 144 8528 9929 6687 1760 9208 4517 6672 2290 5894 759 3771 2997
29 7794 3235 1635 7715 8356 437 7767 8460 5941 8632 9325 21 4225 1332 5085 6018 3746 8952 2782 8019 3349 5959 9671 9176 5617 1467 6017 7756 5251
22 3854 3479 6256 6123 1912 5992 7328 3947 7209 2109 7766 4421 795 4183 2667 919 5303 6239 2924 9525 588 4955
25 229 6932 871 493 8533 1921 4195 9120 7591 7463 695 7240 9242 3259 2841 5401 5475 4219 2618 7507 2915 1222 2883 1784 6044
27 202 8253 8516 8482 6498 3388 2665 3180 2992 5763 2437 2416 3528 1112 4832 6482 1419 6059 1637 2723 5512 8722 5910 62 8791 4999 933
19 3101 43 1868 4382 7768 5188 3355 2379 8902 8263 1128 979 955 5710 4932 964 9656 8414 1046
20 1880 8183 7617 5567 9080 4021 8888 4240 8423 934 9957 544 6721 8977 8420 186 6431 3468 390 6296
24 4864 6904 1140 2983 8051 7499 1376 5974 8111 3886 9666 4983 7991 4664 7292 8086 8617 6886 2078 7598 6917 6287 4719 5986
23 7994 8550 3375 483 4302 5526 1779 5278 2872 7468 7625 5990 7146 2391 1736 8431 9620 7746 6397 872 882 2619 7365
29 40 2487 6450 7735 2630 3401 6378 6053 5698 6555 8069 9712 8054 6076 5230 7585 4299 5033 6967 2859 2551 5739 9092 5771 5750 7274 7680 57 4712
24 6463 579 1055 5821 6148 2044 8293 6219 2995 6769 1913 1340 8555 6483 9713 8691 3590 4735 2243 520 1666 2728 8707 3305
23 7178 1729 3742 1248 3334 7487 8784 1318 1045 7724 4654 6355 8988 8790 4252 4764 8176 5516 9204 9924 60 5634 6398
20 2989 5414 7269 528 7690 2985 9329 8854 6748 7236 375 2425 8321 8018 7112 3511 6160 8886 1630 7522
28 1887 8777 8973 2247 3958 1636 6462 850 2550 9247 9791 8911 9020 4911 2510 7315 7698 8475 4089 1976 3756 1478 4160 2380 8966 1691 3584 5225
28 2664 9928 1831 5235 700 4431 9627 5054 3637 1448 4250 3595 6706 7381 6243 3499 9767 5845 8433 1274 2338 2735 3840 6819 6873 1437 6202 6011
22 8391 6445 3119 9049 6714 7114 1263 8036 3406 4444 5895 9546 3869 5960 2495 6544 8658 6900 29 6138 2129 9437
24 3186 778 7827 8305 4086 3533 8430 1210 7573 3102 6643 7884 1734 6764 4290 1827 5798 9288 6294 4027 7745 8419 4318 853
28 2948 4182 3073 827 1116 5608 3819 5712 1882 6408 8360 5000 3319 9939 1094 6744 5420 4189 7879 1349 8901 240 3191 2148 5949 2692 2678 568
27 504 4821 6896 4974 6244 264 8159 721 5834 2366 1842 6507 9607 2522 3277 7636 2720 2894 9457 8352 2903 6410 2689 1715 212 8506 4210
29 3619 6925 4828 659 5313 5140 9264 9013 808 3193 6755 2507 3955 5349 2088 9393 4191 7200 4439 4012 2563 6790 564 6920 8780 3749 3103 3078 4673
19 5100 7066 2017 5239 640 6592 2396 3828 8150 1320 4292 8239 7162 7428 6560 5817 2660 4422 4237
23 2105 5356 7220 4220 7128 2610 274 332 5353 5582 5019 4238 232 8084 739 9540 5409 9855 6767 110 8928 9420 5809
28 4906 6626 2838 9226 9343 3130 8699 4678 9885 7123 6451 9332 1068 4992 8879 9818 6695 7183 9128 1361 575 8741 7217 6832 4286 3447 975 1065
25 15 8118 531 1817 5079 4174 8639 6191 9250 1992 254 9673 492 1958 4397 3451 8102 5772 791 4429 2873 7486 613 8862 8841
28 2972 8530 9781 3402 7441 1902 3075 5954 7439 7369 9480 5848 2996 2703 3040 6108 8599 9605 4851 8727 7587 6321 8215 336 3932 8779 6736 624
24 4770 7263 7251 9309 6254 761 9812 4714 9897 5487 2299 2941 8961 6421 773 4575 4222 8772 512 6125 2912 2372 1357 3788
29 1062 3285 3407 3231 466 7300 5155 8594 413 8544 6255 4961 5644 7530 4139 2314 2177 1073 8127 5446 5679 6980 2988 4430 1458 1113 1516 1275 543
21 9745 4742 2523 9614 6241 4925 8680 5995 6332 5681 8785 2349 4489 5328 1144 3957 5217 4313 5319 7118 6469
30 5899 342 3209 1447 2033 8204 4953 5953 6722 3264 3004 8736 2431 2938 2273 5892 6883 938 2219 4440 1893 6965 3683 6583 5650 5156 1584 626 3739 7997
23 6146 5652 4461 5040 7039 6541 7565 3392 1738 444 1397 4657 4143 6185 3085 271 9707 1476 3391 2820 4125 1 5243
25 3560 1233 3934 4616 3531 7072 8131 9116 3048 5755 6939 5702 1111 8813 1763 368 1444 310 3505 1187 1036 8089 9510 4584 273
19 8536 7431 9483 5386 3995 3994 2474 9841 9148 7449 108 3910 7338 8267 702 5544 4881 4514 2342
21 1485 3545 382 2602 1836 6417 3418 8453 1531 2252 5336 169 394 5865 7645 1493 991 198 9822 5667 629
23 8296 4557 9508 9240 6996 7520 442 9260 462 5307 788 8194 4737 7143 3363 3835 1846 6575 9331 7202 6456 5885 9853
28 4433 8618 9395 947 3137 5476 497 4768 3143 6316 5334 9682 5489 7696 5603 4787 4020 5471 7701 148 3711 6350 8208 8093 9619 5285 9173 68
24 2434 3189 7425 4818 5826 5131 360 2980 1577 214 1685 6742 4244 699 6548 4321 6409 4589 9686 8398 8749 3968 2086 4057
26 8899 5518 2807 7867 2297 175 8627 2652 3431 2147 9923 8015 7635 9566 9151 9461 5492 6792 8900 1253 8620 7638 5632 6595 334 9878
21 7729 7650 8521 8071 2864 6485 2778 6400 3107 4481 1511 3785 1431 8348 9494 3868 6115 2344 344 6049 9506
24 4436 8031 2351 8574 5135 474 6295 5187 9866 1960 3435 5488 266 6475 6942 3829 123 2188 8889 6403 3550 5818 4846 8187
18 2111 9729 3921 4011 4539 6817 5280 8679 4928 7948 1259 8124 3400 484 4883 7751 6989 7826
27 5629 8701 6515 4201 351 3461 3092 3257 5945 4843 3323 2779 3558 4115 5703 2608 6934 9532 5259 8210 4635 9960 601 3636 8825 4914 3348
25 7979 5375 419 4732 8518 9181 8451 418 4165 688 9561 9429 4484 1426 8465 3504 1185 662 5693 3618 8681 8165 2028 5707 153
24 1501 9774 7437 5806 3846 5433 3724 2387 5139 17 4646 6166 70 1365 9806 3352 2952 6587 3115 3853 4653 1092 5832 7065
29 9580 9094 9017 9500 1238 460 1943 5947 3537 8429 4871 7357 5752 6252 5931 6612 5260 4120 2362 2525 9471 312 1203 9705 7071 2981 49 1059 1386
27 1355 9925 961 5842 1471 5265 4132 7860 6671 3008 5966 1475 8265 2978 6997 4303 2729 8186 6419 105 820 480 1908 5828 9608 6909 6657
28 9286 9100 1661 9531 1678 422 9409 4937 32 7817 252 427 3253 5902 3942 4342 7450 2151 8432 9450 4662 6373 8422 6890 9484 4643 1174 7814
21 7268 2480 3522 7462 5849 9064 8904 9443 8411 7132 5636 9214 3267 3324 8565 84 4617 7608 4204 9528 8126
27 9775 1682 3003 7976 3577 2172 2815 8320 1769 8142 3148 4976 411 3915 7693 9424 6768 4398 2774 3283 4068 8353 6860 2251 4778 6885 3434
25 4335 1465 4041 6937 3566 4374 7932 6940 7694 9385 3052 1474 3674 2231 2206 8607 8907 7613 7255 9913 6930 1131 5932 404 5998
35 6458 7818 9735 6380 420 2456 7732 9170 7790 7168 623 6916 2842 9467 9650 2490 3325 7572 5663 8700 4227 1356 6823 8719 9970 5569 159 4585 2091 7291 9122 9216 2809 5468 9772
23 6095 1106 9632 7970 8501 4587 7108 3639 7566 4145 1680 920 8856 9023 4858 2892 2022 3633 95 6858 1877 4675 1614
24 253 4625 3845 5546 5005 9399 7388 9404 9489 8831 5805 7674 2178 3314 518 1662 158 6449 4765 4343 6023 1133 7056 610
24 8472 1044 5380 3158 3337 9417 7769 4349 2537 3002 9830 7689 9397 9689 8894 6247 3068 6907 2398 3767 245 7187 1490 308
22 9054 5173 5757 1792 1600 33 130 6635 7386 5145 9003 1924 7084 1270 4186 1977 1939 8055 5767 5432 9083 9936
19 9410 303 5046 5670 2688 6340 2102 3340 7755 430 2194 2725 2887 7185 6288 1646 4567 9144 5980
25 4923 4648 1018 259 4711 4215 150 5014 2090 3624 1959 2631 5485 9323 4376 5164 4218 5939 8162 5538 7708 910 6514 3090 2835
28 2440 4888 8303 7815 5142 9573 90 5308 433 4640 1616 401 5958 7848 1852 2132 4004 9271 3856 7151 1098 3188 1974 1209 4373 7250 8943 718
23 4224 2677 4462 5192 8623 2598 7344 9066 5758 5438 2754 8937 1495 288 1712 6257 2224 7090 3296 235 6493 1537 1705
24 2284 4949 3429 2130 7759 1555 2144 9245 6588 2761 97 5715 7047 3450 9089 6374 9927 6572 2712 5515 6999 1414 6027 545
25 6620 9229 2050 7900 6829 4521 5410 7433 7537 630 9588 4975 6111 241 2584 2497 5094 860 6815 5869 3025 205 6954 2228 1228
22 4919 4626 1865 8138 5550 7560 178 8163 6624 9678 9702 5589 5779 9948 7610 9660 7896 1220 1156 2634 2019 9362
24 9011 5255 2571 6611 5434 5883 687 2450 8762 1104 9564 5788 7913 3670 2160 7115 5022 1656 9412 3384 7289 8586 455 859
25 3403 8744 160 3772 740 1505 7738 1688 9392 5830 763 4857 9951 3123 4209 2557 52 3362 2792 653 3563 5234 8923 6037 6628
24 734 6359 5051 5361 6304 5934 737 2321 3310 4216 9123 6509 4300 6618 379 6121 6793 1608 78 8035 3192 7546 2845 1781
23 6839 4278 7358 5439 1017 9582 7000 9359 1202 3553 3294 2174 4245 942 1497 281 2330 3728 3194 6639 1041 8212 6842
25 5675 1298 514 5214 4822 9178 251 2265 5631 7440 1491 414 706 4458 2062 364 2741 9072 6189 649 1886 8919 6088 9056 7821
31 7971 9088 9155 9851 642 5639 1796 6599 7905 9824 9975 7550 7545 5458 8408 2607 9918 2625 2438 3496 5060 8839 4558 8249 7310 8974 3935 3801 7630 3924 986
26 5748 4926 3860 238 3632 5919 3774 46 184 5454 8415 7811 3703 366 4395 6846 6727 2950 941 713 9199 8532 8003 5811 539 7414
19 309 9053 396 8540 948 3677 8405 7671 71 2987 6245 3802 6551 9357 5298 1653 9840 7359 6880
26 7049 9093 7620 863 9455 3247 8145 7788 1850 9742 3936 7753 1687 5614 727 3105 9398 6032 8798 5436 3354 6094 9294 9493 9613 5800
17 9168 5127 2967 2958 3108 3295 8174 5480 1768 8850 3416 5950 2012 7181 1255 1364 2196
24 5782 9272 7063 3658 1031 6004 3273 3419 9569 9138 1668 4685 2993 3144 2545 5810 5186 7301 3079 5856 8119 8845 1001 9492
27 3227 4184 7271 798 6467 1677 7758 6382 5254 5978 8712 3272 9768 9160 3452 6506 7246 3345 937 8571 8648 8569 7942 7249 8141 2209 181
24 3600 7601 7069 7304 6593 3638 5661 3377 5875 7955 6248 5718 2496 8409 9243 7490 4093 7043 9273 3155 4256 4500 4774 7244
30 2113 7720 9837 5106 5833 246 8635 7770 5430 2897 4608 5734 6354 5133 2466 112 3918 1211 3880 475 1385 4695 2796 5064 8192 4464 9563 1931 1138 3015
29 4536 2302 3752 2305 3990 6533 3640 845 592 1918 4499 4796 5205 1179 8106 3791 2038 6505 5300 7985 2647 69 9549 2457 5570 2874 2711 842 6758
28 3030 9259 9901 9521 6074 3741 9055 6950 5250 6725 7281 6064 7914 1047 3159 506 1862 1978 9874 6413 1246 8218 8583 3100 8289 8788 1139 9931
25 1325 3704 1245 3178 749 1265 1215 5149 6667 6981 620 7277 5824 7452 7563 1543 9760 9051 4123 9845 4561 3361 2488 3287 4206
28 5898 1056 2106 1488 9575 9479 4566 698 1514 1260 7207 1570 9567 9615 715 1412 9533 3326 1321 262 1655 2448 2183 7851 5499 9788 1581 8294
18 5143 7569 7175 5293 4827 4801 2429 1674 4064 3530 9453 3486 7448 4482 994 8981 7965 989
22 9102 5090 1015 7157 8802 5405 9183 4967 9807 8797 2875 8694 7119 1322 9622 7653 6971 6746 2057 4997 3379 6092
29 3117 686 4114 4591 1079 8001 4544 248 377 5706 9655 2388 1762 3303 5257 5095 502 2002 403 9598 6179 6322 5124 3432 7096 3474 4962 5517 1089
24 4607 2850 6910 6461 6106 4910 6006 2982 515 6199 3414 1258 1188 2399 5372 4463 7122 8077 117 429 8101 5557 470 1440
27 9172 1933 5075 3971 7834 8932 1315 2786 6102 2236 7647 1710 4691 6301 7692 3216 121 6895 5680 3205 3070 5529 9661 4639 1283 5737 8770
22 6384 1853 9006 8874 6664 3684 9971 1010 2925 2162 7681 2131 3410 2501 7473 7224 9955 6568 5163 6866 1393 4781
25 6513 9153 2195 6084 7748 7265 6105 9212 4231 9416 9577 2263 6406 7822 3787 1964 9600 4694 6658 1589 8619 7387 3647 3424 3585
23 9306 8765 3807 4408 4545 4865 2419 6333 2346 6668 569 7287 813 7730 7479 2626 8983 1898 9804 9030 4621 1317 8638
25 1009 1780 329 1272 4909 1843 1823 6366 7222 7343 8469 6889 8789 5411 3042 751 2126 8944 7743 2065 4750 7351 8476 1935 2722
31 1350 6633 5299 3135 5114 1216 1070 8497 7189 3411 2295 1195 2811 275 832 3900 3427 625 2900 8851 1815 2454 5961 8908 8327 8713 7382 8857 4604 3007 2709
19 7533 3437 7772 468 4062 6665 8376 9684 3770 3197 6701 7651 6863 6266 551 6679 6683 7367 6302
27 9184 9864 3538 2040 2629 339 2189 9452 3065 7877 5700 5466 2680 2221 2181 4922 8537 7297 8366 3242 4154 826 7975 213 2054 9720 5343
23 5622 5346 6574 5448 2275 2185 4326 676 661 216 8671 7737 5912 8195 9082 5070 965 4530 4128 9407 3312 8062 8667
29 6452 6346 3763 3836 4437 1962 4636 5741 5210 5244 3459 5437 2313 7861 4425 8725 1348 1946 4957 3233 1983 3650 7974 6608 4155 5256 2822 2606 4581
26 372 4826 6275 6501 2358 6156 6062 9315 7555 6195 3236 9944 1774 4417 3705 4476 6112 3083 2991 9423 7098 5315 9914 5174 6634 472
33 7627 730 59 2377 9981 1700 5212 2613 4633 2163 4958 3380 8383 3967 1993 9637 6261 6537 8710 7987 2312 3700 4117 8331 3709 5373 1938 9368 1995 1299 750 1450 7736
23 8358 1408 7406 7941 782 3567 8743 4478 2926 7223 2007 654 3822 6454 8241 1276 98 3895 1126 4986 3858 3172 2586
23 4185 7480 7302 2640 9222 5982 1618 9131 3510 1838 456 8554 8645 9784 8611 250 457 8757 5943 2080 7722 6993 5807
23 7842 7581 5596 4671 1496 107 4505 5765 5793 9792 26 7909 8551 65 5083 7363 5743 3502 5327 1617 9771 1686 9152
27 5034 3551 18 3808 806 5861 8863 1266 367 7121 6159 290 6995 1642 5253 724 5 554 8056 7578 8424 3552 7296 7593 8278 2541 8505
22 1713 5428 3246 1095 6710 2191 9963 807 7776 6763 8332 595 6068 5513 1952 3641 7067 3734 3131 3249 591 6543
24 4118 879 436 7426 5208 4757 6998 8290 8308 7902 5074 5501 8203 6069 1422 9431 7076 6891 5676 7999 1316 2750 5329 5061
28 54 464 1538 4148 1421 8576 7227 9322 5097 565 9926 1012 4769 4873 1801 5326 5031 6740 8504 3204 6335 1360 8047 959 6647 7670 8968 4015
29 9065 1990 2899 9135 4187 5850 7548 8144 7399 8688 3315 8811 448 8913 9290 3150 4159 4178 7134 389 2402 7186 7336 4105 9087 7139 2826 6224 9886
30 8522 2812 8064 2898 5455 4723 2267 1363 6056 6522 1839 8756 5831 1235 2361 2421 3095 1755 5587 530 4406 1821 7553 132 7925 2025 5495 6401 4280 2021
25 6135 4946 6859 6552 7264 5050 1707 192 316 1221 6067 9258 7295 5940 799 1718 8735 7091 2079 7221 6577 3250 5909 74 5182
23 1277 5073 9115 5948 7792 7928 4297 627 5161 6442 8464 2643 85 6041 353 3663 3080 4147 6013 8969 5612 4468 4363
22 2717 5915 5801 3185 1310 1720 6168 2702 409 9244 1075 1519 6277 6694 8875 3220 7953 6047 6486 1346 9568 6356
24 3333 1028 3582 6246 3838 2137 2169 3329 6388 4019 2934 3393 5724 3161 6816 605 4761 5784 9977 9035 803 1777 7171 714
29 9934 4466 7606 7127 1572 6476 7846 5129 5360 9129 5058 138 683 2783 3359 4631 1704 3651 3768 2732 5478 5616 9819 8843 6155 6982 2356 458 4849
23 4726 5020 9127 6116 6978 5643 8307 758 5618 1249 7105 3508 2473 2975 9652 7305 3659 3212 2066 8864 2901 7097 9517
20 8718 532 8184 4095 3263 5029 5913 7679 5796 2146 1446 1632 471 7130 9121 9037 6328 1194 2633 3281
30 1601 9428 5576 3477 9680 5184 3564 8858 9408 1745 8808 2962 4069 2536 8529 5599 817 4163 7484 8097 4619 6707 9636 3218 2813 2637 9896 6724 4555 9718
16 8513 2201 4551 491 7239 864 4696 4563 869 7600 4980 6487 7160 5549 4394 4745
24 821 1358 525 9164 230 7174 7717 6429 6627 2597 6622 7723 7869 7703 8642 2324 5382 6411 9833 7532 189 4390 1242 5815
26 5870 4670 1808 3794 496 2470 337 6233 8298 1081 6437 9113 7632 8480 9422 2879 4054 1847 335 3588 67 3494 6267 6234 9938 9350
22 5028 3373 3230 8861 7761 385 3696 8129 4404 958 5829 899 8471 3328 2110 793 135 2977 7458 5037 6046 2974
31 4101 8706 1816 2544 3781 6230 980 8823 486 4651 5645 4254 4157 8876 5588 2481 4944 5916 7053 9993 9278 129 9700 3685 9075 2491 1645 4487 3806 4800 3134
24 2029 9755 7427 3438 8997 7775 1190 1121 6443 7095 7182 586 4294 5066 3997 7086 636 5305 7048 2831 6986 3571 5908 408
36 9488 5730 8975 7232 4306 93 8842 7074 8280 5179 5233 2310 9459 7234 7983 1536 796 9737 8951 3114 4863 6935 47 5648 3488 9877 5736 1091 5797 3292 1863 3722 5193 313 8559 3199
25 9337 3460 2407 868 8882 2171 3782 4655 7564 8665 3871 3687 5604 6428 6504 8800 596 9044 5385 9726 2639 6178 9922 6432 6851
29 2298 7789 855 7927 9195 6433 632 9983 5653 4833 2343 4388 6137 4860 8297 2443 4483 8400 1136 9969 823 4777 2788 137 8230 6688 5222 3966 1547
24 3859 8651 7192 4075 9574 3848 8274 1573 3104 950 4878 8387 7455 2184 1214 8273 4353 7536 9334 2122 9456 5914 4173 1439
27 4403 9124 4779 2799 2699 7461 2855 5556 6016 6960 6972 8846 4533 8953 9597 7886 5088 5938 2933 79 9882 2103 2683 412 5524 6481 7835
34 6964 3164 1746 5905 4228 7285 1982 155 4629 5528 3885 9103 865 4895 4473 6283 3778 4078 9380 157 9846 6175 7276 5306 3811 3365 5429 3964 7921 3282 24 786 7712 6347
19 3478 34 211 8371 927 415 4856 5078 6083 4345 1778 7306 2877 5877 7784 9980 172 3395 3611
26 893 2802 7662 5656 6646 8855 5735 3813 7895 7396 8547 4830 8690 8368 2308 9587 2930 5674 2158 3694 511 2375 2548 5573 6663 913
25 328 1161 8172 1634 7771 8088 425 2714 2187 9747 4449 5270 307 3992 6173 478 8248 5813 6902 4506 4550 7392 1509 7529 5093
27 7945 4803 9310 89 5751 9014 7800 1869 2885 3601 3970 1832 9571 2226 9696 4039 7874 3547 2479 1087 1692 6598 4076 173 5323 2043 8492
