6 7523 2962 5337 8945 711 9343
4 3951 4280 5618 2507
4 281 6904 2749 2423
8 4062 318 5221 8893 3421 1464 1367 3057
5 7868 8539 6266 5690 9982
4 8916 2170 2155 2084
5 1525 6797 7424 9404 2103
4 4615 6532 341 4901
8 6775 8419 5362 7501 5870 696 6142 9724
5 2550 1184 1136 3857 7917
4 2481 6135 2561 5193
5 4570 4645 2190 5418 9918
1 7341
5 9451 3358 2594 8412 3530
4 3885 6602 5678 1778
6 5898 9595 1288 7593 9452 7264
7 3325 6541 9667 9148 9687 9573 2016
5 7872 618 4913 4354 3006
3 4494 4791 7234
3 3900 889 4875
4 832 2041 501 1921
5 2583 7883 1729 4516 4300
5 9522 3758 2273 9847 2157
3 300 4405 6413
3 2810 6173 9837
3 2598 4445 4964
6 1730 7557 8951 4832 5712 7134
2 2371 697
2 4014 1445
5 9206 235 9330 8114 537
5 3583 9968 8744 6755 8879
8 8901 6260 6673 8270 8619 9829 4339 2783
4 6116 8317 1665 4775
7 8710 2076 9881 9403 7294 4962 5002
3 3901 5551 7272
4 6701 9597 7322 9932
8 7147 5313 5003 867 9085 937 2456 2149
4 7018 451 5836 4576
5 2425 491 6480 9995 3769
4 2333 3529 7470 2451
3 850 8459 7527
6 4869 3824 8045 5092 7764 6898
6 2440 6506 1607 1027 4712 7839
6 2892 5547 1172 5656 8167 7690
5 5476 1335 6723 3107 6906
5 719 3184 9210 9527 1990
3 2873 4557 7911
2 5136 4087
4 9887 4880 7857 1993
3 5981 5736 5666
4 8983 680 9005 4184
5 4223 9244 8731 5851 2349
6 4565 6223 2737 5507 2523 4254
4 8228 4345 5473 8696
4 3002 1108 6865 419
4 1658 1580 8953 694
4 1337 2405 1626 7207
8 9194 7395 7092 3538 5621 8151 5897 3334
3 5891 7386 5921
6 5797 7814 6489 9277 5227 6830
6 9536 8014 5359 5685 1629 7215
6 6819 3015 7508 7604 8218 6405
2 278 2681
5 8855 4043 8268 6061 1397
5 7824 5431 6639 9882 7368
4 6201 6074 5491 5988
4 8752 5225 4437 1766
3 4866 4707 4131
9 6250 7768 2200 2476 8169 2294 282 9607 7021
4 698 3526 5644 6164
9 4189 4128 7124 2492 8288 4233 8788 7413 2659
7 7889 5594 6768 9746 3148 6932 2994
5 8801 5778 9521 3918 6065
10 1370 1552 7562 2210 8830 7804 637 950 3970 7460
4 8036 6420 3663 9558
4 9169 2250 2630 9346
3 2827 2494 7492
3 4417 3101 4539
7 5600 5800 4525 6127 7178 2907 5723
9 2861 5902 735 9036 119 825 6732 8265 870
7 9384 1388 3572 4039 1209 6680 7010
5 7528 7862 8729 6184 6835
6 3819 7090 547 9293 3422 2213
2 1327 3748
3 8320 8403 5987
7 7116 2553 1079 9580 2959 2716 212
6 4836 9985 2751 9113 7517 2480
5 4950 7094 9894 3197 4275
2 2804 9895
3 313 5284 8898
3 7184 3840 85
5 2837 8287 5155 3071 1363
5 1566 3175 1404 7319 1635
6 3506 6611 2117 6660 3580 2661
6 8979 9916 340 7004 2532 4977
3 9189 4420 7756
10 2770 2743 9564 6045 7128 7738 7997 1212 6088 7936
8 5023 7692 8817 7052 31 2786 6546 2367
5 7983 8935 8895 2249 6447
3 3802 2678 9410
5 4630 999 9316 3838 9770
7 6262 645 6370 898 7411 9444 9941
6 854 5122 2714 845 6561 7908
2 6133 9255
4 2981 3931 4685 3826
2 6901 3375
10 3825 8069 9000 114 6573 6169 7789 951 8037 4916
2 2514 3116
6 173 1447 390 5609 5021 8351
10 191 9362 3228 4511 1977 3070 3910 2670 3062 4188
1 470
4 607 9686 2848 7414
6 2769 4110 5937 1150 7050 973
4 1387 4053 5407 969
4 855 2741 1634 2980
4 1338 6355 6 9969
8 5903 6553 4132 7099 6608 8136 1851 4644
4 4490 9927 6537 6371
7 1698 3355 8011 8409 5375 518 2431
4 5965 2814 8887 4361
3 2483 9827 6172
5 6426 3113 2075 9786 977
2 9511 3642
3 6547 4261 3227
7 5626 6239 2883 7524 7478 4552 2288
5 8559 5344 4702 7854 4793
7 9764 1165 4847 2035 4947 9100 5320
5 6013 3589 5915 6955 265
8 8554 172 3734 1762 1928 6542 3517 6301
2 5992 9204
10 5066 9401 7398 7314 5364 3413 8690 3868 9991 4585
6 1869 1333 7900 616 6947 7775
3 5788 1991 3082
1 75
6 9098 7231 1900 1820 3870 9544
7 6939 2392 2376 1305 3381 2936 9555
5 2973 6484 9347 3024 8618
4 4803 1089 869 7326
8 5810 3940 4020 6798 8110 1738 8307 8385
5 3473 6852 4256 5044 6843
5 8637 5471 7165 7049 2388
4 2987 3985 9422 6576
5 4294 5513 7996 4978 7502
4 5141 8197 6654 9577
7 8921 6199 348 1902 9134 5698 4690
5 5850 2650 4013 5273 5107
4 2612 1718 8192 2254
8 7920 6880 1251 5452 9253 2850 503 6279
5 1393 9615 5548 2134 3555
7 404 2619 7687 9767 3161 8768 624
7 9619 2188 1170 426 3457 8753 9600
6 5605 9539 5042 1678 4364 4418
5 6921 1881 8978 8195 8932
2 5178 3399
6 8182 9088 4936 7457 2528 3818
5 708 942 4012 6511 7774
5 8648 192 1975 240 5885
6 9732 8522 1237 9109 6647 7907
8 1163 342 9028 242 5280 2668 2879 7540
3 334 4037 6017
9 8206 5704 206 3478 7711 1859 1313 6737 6632
5 9459 9480 1931 2386 2611
6 2128 774 5391 7791 7533 126
7 4687 7289 2911 9463 7100 8640 9358
3 3630 8779 4594
6 6536 4133 1699 1916 9164 3708
2 362 6014
2 3172 3952
8 5332 529 2889 5806 1775 4920 5033 7652
5 5570 4814 4683 8909 7796
3 4526 8314 8470
3 7198 8600 6479
6 8974 5980 9001 3687 6121 1651
2 7641 722
4 4499 1201 9904 7887
4 4908 5635 8360 9748
4 8882 1696 4331 9860
7 3075 3899 6817 5543 47 9163 3504
5 2515 7474 1559 7722 4058
6 8333 4403 41 8236 6806 2436
7 143 5946 103 7521 5928 5950 9161
4 1339 7034 5099 1911
3 1416 5357 2338
6 9933 1772 6728 5819 6390 8771
2 2809 2518
6 4839 368 3008 6650 5789 8387
5 9457 4520 6498 9431 277
5 4334 246 5016 9643 5255
5 6603 7864 8852 7066 1508
8 7767 872 9187 6460 4237 7817 5481 3386
5 2394 5755 8743 3808 2925
6 6309 1834 8987 2829 3157 6596
7 6344 864 4242 6161 9388 1071 6202
4 5727 7261 9873 5953
4 4648 6316 6625 5638
15 7426 3553 1346 9779 1640 7143 5469 7565 5203 786 573 4674 1655 3038 1946
5 7011 8512 3539 5729 5707
5 4805 7387 8548 7187 8694
5 3962 1211 4965 2587 2582
3 2744 2620 531
9 3976 4073 1110 6251 9082 9285 6325 181 1099
3 6157 3188 6804
3 6040 6974 8225
1 4171
2 6966 7348
5 5277 9965 5991 1627 9354
4 7762 9514 8216 2107
5 4774 9335 7741 6029 8670
5 2073 2311 7718 2504 6441
9 8946 6188 418 579 7726 6833 4998 9650 1637
6 9332 9278 438 5660 7730 7456
3 1443 7121 8194
8 536 4984 105 7966 852 8583 7315 4512
6 4433 6066 6467 9034 5386 1596
8 4147 4786 2192 3729 3450 9099 2143 5823
5 1260 5177 1287 8290 98
3 4094 2732 8816
5 2602 2501 2400 7631 2791
3 1551 5591 6491
7 2234 957 9064 4502 1399 7559 233
3 5855 4002 8311
5 687 3377 5365 6320 4097
7 9209 285 8043 6415 6203 7123 960
5 1962 5047 10 3634 3810
2 4635 4821
5 740 1576 9697 8443 9138
5 8199 3202 3285 3531 582
7 8319 5180 1951 6920 2099 9838 3232
7 6889 5224 9946 7463 1106 1522 6159
7 7439 4424 761 1116 2952 1235 8096
4 3314 9782 7885 6588
4 8527 2915 9799 9018
9 1278 1147 6140 1663 516 6059 5717 1369 5054
3 4600 9296 4789
5 2281 6908 2638 7861 7364
3 8451 6179 2623
2 9711 8805
5 345 2422 8165 3354 6246
6 779 5619 9023 2119 9045 7417
9 6742 8065 8576 7490 4407 6916 6637 8402 6091
5 2954 4970 7665 6051 592
5 738 1318 4682 6730 5392
10 8645 8639 5663 5824 8763 9080 2215 2007 5208 819
4 1733 8405 4871 5517
5 7795 9879 8836 7194 3279
6 5358 2942 1705 5877 3106 6656
6 851 3743 984 3938 5809 1154
7 8877 8757 8739 6513 5849 6598 849
6 225 8091 1375 5569 5470 2291
5 1755 3760 8682 6240 3021
7 8925 5888 9275 3699 4735 7174 1864
6 3827 7859 1850 2641 6907 6090
6 822 6525 6514 1506 6141 63
8 456 133 6438 4399 3653 1503 2467 2217
7 9870 5088 8363 2895 145 5779 8596
3 24 8631 9418
4 1164 7166 1263 1298
4 8 1534 860 7820
6 2083 9479 1018 2844 4625 2894
6 7526 2063 5432 1875 4771 9958
3 780 8930 7260
4 8829 3444 283 1868
9 9274 8894 3809 2486 2282 9905 7246 8683 8009
4 7616 3668 3554 5674
4 4416 836 1653 3143
3 764 9154 6422
6 5405 2316 1594 5216 3645 8629
4 2653 4143 4022 1289
2 6332 2497
7 2635 9518 485 3083 9423 4461 2067
5 6558 7454 5960 7747 4605
9 1123 6641 3032 9652 634 3719 6626 5204 5269
9 7708 4218 1115 1227 7843 5859 638 3829 5930
3 4317 3403 3436
6 1456 7067 714 7697 5285 8964
12 2805 1819 5790 3661 9705 9474 3406 6008 4923 6587 8784 1793
9 2015 8827 8473 9176 6761 4664 8501 2901 9841
7 4951 8058 7396 4714 6960 8715 3540
8 4393 6100 7905 2781 7270 2493 2957 9866
7 746 7127 827 4963 2969 4111 953
3 661 3913 1428
5 6854 9903 2248 4419 2634
4 4672 2776 7568 5453
1 6575
7 5036 716 6110 5276 5398 7471 4747
8 7169 8241 8416 2498 2306 574 6271 647
5 7274 7301 8632 9015 1533
7 8047 8907 4833 1341 3993 6810 8465
9 9303 6182 5272 7446 3208 7731 321 9731 2406
2 39 9478
7 6278 2845 1523 4613 6858 4197 5211
9 6138 9794 9849 5305 1714 1978 371 3404 578
4 7186 5167 5065 7688
2 7806 7555
3 4206 458 3767
3 3780 2565 4659
4 5310 2545 2729 5561
2 6076 8636
3 8249 1800 9192
2 7162 9556
11 3454 1401 30 8367 2473 3342 3710 2703 1550 7934 447
4 7107 6068 9698 3595
5 4857 5651 2269 8487 5738
7 5198 1538 4666 796 4680 1791 9914
6 7432 4762 2807 9094 1638 1268
7 9364 65 2796 3872 2956 7947 8395
2 9752 8392
7 9382 2384 1936 1841 8062 7886 7577
5 3231 6241 7654 4881 519
4 5294 6052 8959 6787
1 4678
3 7376 6496 9741
5 5230 7938 7008 5240 9438
7 5523 5488 2487 5317 6269 3120 2296
3 8247 6534 9700
7 896 7507 8998 1372 3979 1010 202
6 1588 5530 6987 3577 4063 7534
2 8164 9481
5 5446 148 6642 3080 4347
3 7399 7850 6207
7 598 5053 1611 8705 7074 2719 9604
9 8322 6866 7077 9929 3597 8664 4209 4235 496
4 4976 8838 5538 6216
11 5613 5263 7570 5458 1084 6784 5882 4297 7214 1739 1773
5 4066 2932 2828 946 7899
3 7001 8818 6627
4 4353 2985 6969 9307
10 8709 7309 702 8844 4509 7428 7250 2530 6952 5970
3 7825 7193 3570
5 8397 9579 7537 6235 7153
4 9935 2108 9510 4556
5 4442 1815 5996 8092 1199
4 3223 7904 6264 6614
4 6783 5361 8819 7649
3 5039 1185 900
4 4262 9802 5410 1177
4 9699 2759 9768 4708
5 6892 6577 1350 8240 6012
4 7347 2556 3876 6148
1 7063
5 846 1783 8098 5515 4915
3 1853 7978 124
8 4089 4577 9673 8905 8127 1315 8180 9784
4 8183 2955 6254 5486
3 2551 5681 9212
4 9512 2089 346 411
5 1194 1798 9188 511 4329
3 8525 7422 1954
4 325 4643 8479 8799
7 1286 3097 7306 3424 9320 3048 1648
